uniprot_id1	uniprot_id2	go_function	go_component	go_process	sequence_similarity	coexpression1	coexpression2	coexpression3	coexpression4	coexpression5	coexpression6	coexpression7	coexpression8	coexpression9	coexpression10	coexpression11	coexpression12	coexpression13	coexpression14	coexpression15	localization	homology_yeast	domain_domain_interaction	score	hprd_flag
A6XB87	O60260	0.029885	0.086154	0.0625	5000	0.39999	0.36331	0.5219	0.10319	0.042126	0.14803	0.31139	0.22194	0.2998	0.27716	0.35903	0.31817	0.42313	0.33159	0.15947	0.4282	0	0.077269	-0.08731	0
F2Z2Z8	O60260	0	0	1	5000	0.36615	0.36677	0.53671	0.42647	0.36483	0.36399	0.3428	0.44954	0.43702	0.34917	0.34096	0.33875	0.399	0.43723	0.47567	0.14694	0	0.018072	0.1085	0
O14936	O60260	0	1	1	5000	0.078256	0.11422	0.82199	-0.11776	-0.17621	-0.26766	0.3379	0.16577	0.13521	0.34057	0.0082764	0.12191	0.16259	-0.2933	0.28096	1	0	0.1361	0.48911	0
O43236	O60260	0	1	2	5000	0.056604	0.055224	0.36078	0.38054	-0.013437	-0.010346	0.37084	-0.18817	0.13035	0.30908	0.1278	-0.19936	0.39685	0.58752	-0.17825	0.22118	0	0.044508	0.46942	0
O60260	A2A284	0.0036782	0.0092308	0.0195	5000	0.19497	0.11305	0.46234	0.34733	-0.047399	0.1378	0.31345	0.16138	0.33525	0.30503	-0.37292	0.14843	0.36686	0.3424	-0.022318	0	0	0.016204	0.14133	0
O60260	A2RUN4	0.017777	0.04288	0.022308	5000	0.38445	0.32111	0.5907	0.23628	-0.031762	0.20011	0.28944	-0.036144	-0.22276	0.29247	0.041904	0.46446	0.37854	0.2171	0.43702	0.18182	0	0.024744	0.10404	0
O60260	A4D0Y6	0.0027586	0.018462	0.01625	5000	-0.00053929	-0.15231	0.32051	0.074721	0.3615	0.23393	0.31924	-0.17175	0.43929	0.29291	-0.0040711	-0.10277	0.48931	-0.23064	0.45537	0	0	0.029118	0.32048	0
O60260	A4D1D0	0.0091954	0.015385	0.03125	5000	0.033352	0.23673	0.51167	-0.17481	-0.32057	-0.080898	0.32493	-0.091353	0.25522	0.26924	0.29174	0.17173	0.43344	0.46366	0.3555	0	0	0.035244	0.071397	0
O60260	A4D2P0	0.00045977	0.021538	0.014102	5000	-0.071817	0.10848	0.35936	-0.30408	-0.30131	0.022662	0.33098	0.041703	0.018135	0.30296	-0.019681	-0.056237	0.41881	-0.39832	0.24706	0	0	0.021938	0.14773	0
O60260	A4D2P1	0.00045977	0.021538	0.014102	5000	-0.071817	0.10848	0.35936	-0.30408	-0.30131	0.022662	0.33098	0.041703	0.018135	0.30296	-0.019681	-0.056237	0.41881	-0.39832	0.24706	0	0	0.021938	0.14773	0
O60260	A8K161	0.022676	0.041231	0.04385	5000	0.35332	-0.0026716	0.52021	0.57224	0.43584	0.28025	0.35539	-0.082555	0.53596	0.31101	0.5463	-0.10974	0.43221	0.68931	0.42931	0.35742	0	0.031162	0.16524	0
O60260	A8K5I0	0.0027586	0.033846	0.01625	5000	-0.1283	0.05327	0.34973	-0.31168	0.017298	-0.13059	0.31735	0.065456	0.43682	0.28538	0.28142	0.01808	0.42935	-0.19136	0.40872	0.14363	0	0.034855	0.12865	0
O60260	C9JU95	0	0	0	5000	0.054567	0.00085527	0.55704	0.18686	0.083689	-0.027232	0.30869	0.28855	0.14103	0.27094	-0.1204	0.099606	0.35021	-0.30239	0.13999	0.1739	0	0.024246	0.14279	0
O60260	O14818	1	1	1	5000	0.023382	0.018971	-0.10468	0.032405	0.36714	0.34117	0.35733	-0.081413	-0.14354	0.3234	-0.33616	-0.10941	0.21697	-0.47767	0.055789	1	0	0.1241	0.64337	0
O60260	O14867	0	0	2	5000	-0.088012	-0.023071	0.68052	-0.36165	-0.21601	0.019361	0.32528	0.030463	-0.15849	0.27094	-0.10312	-0.065242	0.35021	-0.058264	-0.076507	0.1739	0	0.024246	0.29167	0
O60260	O14933	0	2	1	5000	-0.057979	-0.022014	0.80538	0.14132	-0.13035	0.20732	0.32412	-0.024104	0.16784	0.31003	0.075514	0.32601	0.35129	0.12008	0.18348	0.25301	0	0.023319	0.36175	0
O60260	O15294	0	1	3	5000	-0.066614	-0.023413	0.55827	-0.074501	0.40645	0.31743	0.40309	0.15272	-0.37379	0.27175	0.39764	0.34382	0.34586	-0.35309	0.3873	1	0	0.087517	0.67153	0
O60260	O43298	0	1	1	5000	0.032946	-0.024188	0.77877	-0.37243	-0.009811	0.18542	0.31439	-0.025581	-0.066192	0.26325	-0.18104	0.085281	0.35131	0.49581	-0.25322	0.15527	0	0.037589	0.42771	0
O60260	O43464	0	1	4	5000	0.056802	-0.31702	-0.039406	-0.21671	0.15992	0.057751	0.38187	-0.33194	0.34609	0.31128	-0.4247	0.51986	0.36521	-0.24444	0.47943	1	0	0.043328	0.85077	0
O60260	O60671	0	1	1	5000	-0.087684	0.139	0.75588	-0.067431	0.029804	-0.31347	0.3379	0.16983	0.0011099	0.34057	-0.43836	0.092496	0.16259	-0.11705	0.23722	1	0	0.1361	0.51115	0
O60260	O94864	0	0	1	5000	-0.024321	0.045272	0.75975	0.30336	-0.36783	-0.40141	0.31595	0.37415	-0.24549	0.28119	0.38367	-0.23174	0.48638	-0.35975	0.42452	0.14856	0	0.02366	0.48977	0
O60260	O95140	0	1	2	5000	-0.035491	0.098403	0.64413	0.37677	-0.091498	0.019607	0.31639	-0.04993	-0.15231	0.28722	-0.18574	-0.31999	0.40445	-0.26374	-0.14327	0.12295	0	0.036202	0.50503	0
O60260	P05067	1	1	4	5000	-0.13163	-0.041713	0.57031	0.37469	-0.056936	-0.12841	0.30161	0.30061	-0.065916	0.30092	0.04713	-0.23693	0.35187	-0.1899	0.1654	0	0	0.039692	0.66355	0
O60260	P06314	0	0	0	5000	0.31882	0.39343	0.66031	0.42643	0.33136	0.37077	0.41016	0.56275	0.53259	0.36461	0.3704	0.40543	0.4632	0.50858	0.49987	0	0	0.0008635	0.11765	0
O60260	P0CG47	2	1	1	2e-07	0.085116	-0.097237	0.60933	0.30458	-0.2372	-0.11549	0.38163	0.20808	-0.26417	0.44053	-0.01556	0.38266	0.22995	-0.040079	-0.29797	0.83683	0	0.069421	0.55927	0
O60260	P0CG48	2	1	1	3e-07	0.10055	-0.097237	0.60933	0.30458	0.014295	-0.031838	0.42641	0.20808	0.46643	0.40908	0.27927	0.34222	0.23165	-0.040079	0.56045	0.83683	0	0.056044	0.38297	0
O60260	P10415	2	2	5	5000	-0.17211	0.14093	0.71171	-0.054977	0.35134	0.3566	0.30394	-0.40714	0.010672	0.26538	0.31469	0.20596	0.55621	0.32825	-0.10376	0	0	0.044781	0.62711	0
O60260	P11142	0	1	1	5000	-0.065475	-0.21216	0.18875	-0.038643	0.28516	0.32152	0.35197	0.16597	-0.2072	0.32433	0.41323	0.25194	0.32509	-0.25135	-0.27652	1	0	0.094575	0.44314	0
O60260	P15153	0	0	1	5000	-0.16978	-0.065419	-0.2444	-0.10895	-0.29667	-0.075616	0.34752	-0.25865	0.055446	0.3119	-0.017558	0.51615	0.35365	-0.001859	0.04147	1	0	0.089491	0.14912	0
O60260	P17600	0	0	1	5000	0.16678	-0.14498	0.34151	0.12544	-0.095935	0.12001	0.25221	0.2354	0.30054	0.29316	0.43145	-0.1356	0.41745	0.55573	-0.023414	1	0	0.14874	0.48547	0
O60260	P23258	0	1	2	5000	-0.073382	-0.048311	-0.025232	-0.26459	0.20546	0.14783	0.29967	0.1665	0.14692	0.29774	-0.52254	-0.21676	0.41666	-0.44793	-0.11744	0.17169	0	0.029562	0.59991	0
O60260	P24864	0	2	2	5000	0.027332	-0.13698	0.028001	0.22906	-0.13787	-0.073249	0.32476	0.11843	0.41876	0.30983	0.14126	-0.045982	0.4015	-0.11448	0.48878	1	0	0.072609	0.74784	0
O60260	P25685	0	0	1	5000	-0.1122	-0.13209	0.25623	-0.38173	-0.29777	-0.31042	0.25758	0.18834	0.19447	0.28911	0.38546	0.042563	0.3948	-0.1142	-0.23451	0.1812	0	0.022056	0.33732	0
O60260	P31689	0	0	0	5000	-0.14195	-0.079096	0.54377	-0.48447	0.1264	0.092034	0.26995	0.24668	0.10264	0.26837	-0.24751	0.074486	0.40156	-0.17092	-0.30327	0.1739	0	0.024246	0.1326	0
O60260	P42566	0	1	2	5000	-0.099808	0.048757	0.39615	-0.17128	0.013931	0.094396	0.33018	0.1991	0.18598	0.34163	0.023765	0.017205	0.30905	-0.17193	0.45288	0.7056	1	0.071153	0.72226	0
O60260	P52597	0	1	2	5000	-0.029931	-0.19222	-0.24611	-0.41205	-0.047664	0.08813	0.32677	-0.11445	-0.15543	0.28899	0.089195	0.081432	0.41724	-0.29378	-0.14201	0.21184	0	0.032679	0.45307	0
O60260	P56559	0	1	2	5000	-0.049712	0.096737	0.16086	-0.13383	-0.071404	0.034758	0.38908	-0.22151	0.4596	0.29119	0.080364	0.47039	0.37842	-0.18641	-0.045283	1	0	0.093949	0.38514	0
O60260	P57075	0	0	2	5000	0.30505	-0.060173	0.34306	0.24086	-0.22408	0.20924	0.37393	-0.16729	0.48138	0.32601	0.0046669	0.28901	0.4588	0.51108	1	0.44708	0	0.036537	0.29609	0
O60260	P62195	1	1	3	5000	-0.13146	-0.1643	0.16527	-0.099396	-0.076399	0.0083178	0.33457	0.05095	-0.09774	0.30172	-0.29905	-0.068516	0.28005	-0.36436	-0.097389	1	0	0.14284	0.63132	0
O60260	P62241	0	0	2	5000	0.16816	-0.098415	-0.31531	-0.25678	0.11302	0.18693	0.28709	-0.17985	-0.2237	0.30712	-0.22932	0.68459	0.3034	-0.2923	-0.24203	0.071986	0	0.015426	0.51615	0
O60260	P62253	3	2	0	5000	0.077802	0.014158	0.70144	0.18194	-0.15339	-0.14031	0.33017	0.13088	-0.39102	0.27094	-0.34645	0.16874	0.35021	-0.46001	0.010377	0.1739	0	0.024246	0.50502	0
O60260	P62917	0	0	1	5000	0.14807	-0.19032	-0.3653	0.056727	0.4029	0.35632	0.43767	-0.20916	0.35019	0.32519	-0.17503	0.64329	0.43012	-0.3109	0.5035	1	0	0.054918	0.50975	0
O60260	P68036	2	3	2	5000	0.010034	-0.1408	0.42732	-0.13761	0.052318	0.096981	0.27668	0.20318	0.13457	0.29035	0.060584	0.046761	0.37055	-0.37515	0.20491	0.15754	0	0.056819	0.56927	0
O60260	P78396	0	2	1	5000	0.11852	0.055019	0.21868	-0.06131	0.06354	0.047289	0.30265	-0.030202	0.52722	0.29905	-0.076629	0.061445	0.46392	0.31668	-0.024539	0.30308	0	0.055963	0.3931	0
O60260	Q02440	0.00055172	0.020234	0.01473	5000	0.47137	0.43704	0.56223	0.38307	0.29875	0.29498	0.35325	0.44636	0.35868	0.3128	0.38018	0.36858	0.54621	0.4435	0.43729	0.067371	0	0.0055997	-0.031725	0
O60260	Q08491	0.00055172	0.020234	0.01473	5000	0.47137	0.43704	0.56223	0.38307	0.29875	0.29498	0.35325	0.44636	0.35868	0.3128	0.38018	0.36858	0.54621	0.4435	0.43729	0.067371	0	0.0055997	-0.031725	0
O60260	Q0GE19	0	0	0	5000	0.28144	0.31932	0.45046	-0.070199	0.14023	0.12257	0.35568	0.29917	-0.43766	0.29043	-0.031333	0.35635	0.46771	0.37067	0.075801	0.18676	0	0.010774	0.22147	0
O60260	Q13224	1	2	0	5000	0.10984	0.040171	0.86361	0.43295	-0.17724	-0.1582	0.39734	-0.035084	0.52088	0.30891	0.098581	0.065147	0.57973	0.52735	0.45979	0.33645	0	0.041978	0.47737	0
O60260	Q13547	0	1	3	5000	-0.069069	-0.11378	-0.16716	0.25788	0.14138	0.22986	0.39145	0.23145	-0.15286	0.31687	-0.26211	0.26382	0.26826	-0.34036	0.23708	1	0	0.10847	0.64097	0
O60260	Q13616	0	2	1	5000	-0.0396	-0.12493	0.43732	-0.3491	0.062467	0.042164	0.41042	-0.027269	-0.3277	0.30466	-0.55988	0.010494	0.54044	-0.28584	0.37769	0.19714	0	0.028927	0.42718	0
O60260	Q14831	0	1	0	5000	0.17632	0.17098	0.84643	0.48724	-0.25343	0.19543	0.35602	-0.065775	0.13087	0.3091	0.085307	0.034978	0.31848	0.67439	0.68028	0.31105	0	0.033289	0.43949	0
O60260	Q15386	2	2	1	5000	-0.054282	0.033257	0.68706	-0.44724	0.094909	0.03637	0.34239	-0.056153	0.1388	0.28537	0.041996	0.30109	0.32934	-0.54942	0.04384	0.3307	0	0.028223	0.36162	0
O60260	Q15700	0	2	1	5000	0.087474	-0.11394	0.68666	0.23174	0.035173	-0.096615	0.37848	0.12374	-0.015275	0.35305	0.050395	0.11368	0.21639	0.55223	0.60955	1	0	0.085073	0.54957	0
O60260	Q5JC29	0.00055172	0.020234	0.01473	5000	0.47137	0.43704	0.56223	0.38307	0.29875	0.29498	0.35325	0.44636	0.35868	0.3128	0.38018	0.36858	0.54621	0.4435	0.43729	0.067371	0	0.0055997	-0.031725	0
O60260	Q5NFA4	0.00055172	0.020234	0.01473	5000	0.47137	0.43704	0.56223	0.38307	0.29875	0.29498	0.35325	0.44636	0.35868	0.3128	0.38018	0.36858	0.54621	0.4435	0.43729	0.067371	0	0.0055997	-0.031725	0
O60260	Q5NHS3	0.00055172	0.020234	0.01473	5000	0.47137	0.43704	0.56223	0.38307	0.29875	0.29498	0.35325	0.44636	0.35868	0.3128	0.38018	0.36858	0.54621	0.4435	0.43729	0.067371	0	0.0055997	-0.031725	0
O60260	Q6UUV7	0	0	2	5000	0.29927	0.22735	0.76226	-0.1871	0.14496	-0.17454	0.32377	-0.019337	0.36258	0.27817	0.36709	0.39975	0.42472	-0.041274	0.10017	0	0	0.019075	0.23175	0
O60260	Q6ZQA5	0.00055172	0.020234	0.01473	5000	0.47137	0.43704	0.56223	0.38307	0.29875	0.29498	0.35325	0.44636	0.35868	0.3128	0.38018	0.36858	0.54621	0.4435	0.43729	0.067371	0	0.0055997	-0.031725	0
O60260	Q71U36	0	0	1	5000	-0.082479	0.19031	0.21794	0.022846	-0.20499	-0.30143	0.32822	-0.092643	0.24171	0.30602	0.45091	-0.088629	0.23201	-0.0057355	-0.0907	1	0	0.081733	0.27682	0
O60260	Q7KYR7	0	0	0	5000	-0.069947	0.09285	0.75046	-0.19566	-0.056836	0.093868	0.29814	-0.29636	0.082528	0.26761	-0.32726	0.1205	0.53999	-0.24027	0.43205	0.24355	0	0.037303	0.20599	0
O60260	Q7LYY4	0.00055172	0.020234	0.01473	5000	0.47137	0.43704	0.56223	0.38307	0.29875	0.29498	0.35325	0.44636	0.35868	0.3128	0.38018	0.36858	0.54621	0.4435	0.43729	0.067371	0	0.0055997	-0.031725	0
O60260	Q81S69	0.00055172	0.020234	0.01473	5000	0.47137	0.43704	0.56223	0.38307	0.29875	0.29498	0.35325	0.44636	0.35868	0.3128	0.38018	0.36858	0.54621	0.4435	0.43729	0.067371	0	0.0055997	-0.031725	0
O60260	Q81X21	0.00055172	0.020234	0.01473	5000	0.47137	0.43704	0.56223	0.38307	0.29875	0.29498	0.35325	0.44636	0.35868	0.3128	0.38018	0.36858	0.54621	0.4435	0.43729	0.067371	0	0.0055997	-0.031725	0
O60260	Q86YM7	0	0	0	5000	-0.048643	0.39136	0.32647	-0.25449	-0.25806	0.053552	0.29377	0.0336	0.20185	0.29299	-0.10566	-0.20043	0.38936	-0.0076848	0.24641	0.16668	0	0.019199	0.15915	0
O60260	Q8IVR6	0	0	0	5000	0.26577	0.47823	0.55928	0.4312	0.41201	0.38808	0.37428	0.4443	0.51697	0.40478	0.39034	0.38049	0.3826	0.46858	0.45595	0.21478	0	0.003394	0.075338	0
O60260	Q8IZW4	0.00055172	0.020234	0.01473	1142	0.47137	0.43704	0.56223	0.38307	0.29875	0.29498	0.35325	0.44636	0.35868	0.3128	0.38018	0.36858	0.54621	0.4435	0.43729	0.067371	0	0.0055997	-0.064306	0
O60260	Q8N7V9	0.0036782	0.021538	0.03	5000	-0.083268	-0.3158	0.6345	0.18371	-0.02018	-0.14434	0.31159	0.32298	-0.3725	0.27094	-0.16069	-0.04416	0.35021	0.053498	0.0041182	0.1739	0	0.024246	0.32753	0
O60260	Q8TF42	0	0	2	5000	0.37901	0.40927	0.45461	-0.29032	-0.43639	-0.23661	0.32179	0.21832	0.36409	0.29716	0.21994	0.38533	0.38479	0.27065	0.25442	0.36781	0	0.037647	0.1386	0
O60260	Q9NPA2	0	1	0	5000	0.19608	0.15306	0.78913	0.51466	-0.28815	0.06858	0.34527	-0.11018	0.44394	0.35309	0.15351	0.31863	0.63402	0.60151	0.2582	0.20577	0	0.02724	0.29504	0
O60260	Q9UM00	0	0	0	5000	-0.080899	-0.050839	0.4392	-0.44573	0.20663	-0.25398	0.32015	0.26253	-0.44517	0.28198	0.30455	-0.17662	0.5771	-0.30244	0.45385	0.19301	0	0.027391	0.32297	0
O60260	Q9UNE7	4	3	2	5000	0.42333	-0.043314	0.42474	0.15496	0.26724	0.19765	0.25097	0.28504	-0.092962	0.27698	0.18917	0.32927	0.45721	-0.1633	0.0059808	0.24649	0	0.044197	0.54598	0
O60260	Q9Y385	0	1	0	5000	0.042204	0.13586	0.52664	-0.5204	0.0057331	-0.068637	0.35289	0.28493	-0.4647	0.2892	-0.16304	0.33316	0.43534	-0.27411	-0.21612	0.14154	0	0.061223	0.31175	0
O60260	Q9Z2L0	0.00055172	0.020234	0.01473	5000	0.47137	0.43704	0.56223	0.38307	0.29875	0.29498	0.35325	0.44636	0.35868	0.3128	0.38018	0.36858	0.54621	0.4435	0.43729	0.067371	0	0.0055997	-0.031725	0
O60260	Q9Z2Q6	0.00055172	0.020234	0.01473	5000	0.47137	0.43704	0.56223	0.38307	0.29875	0.29498	0.35325	0.44636	0.35868	0.3128	0.38018	0.36858	0.54621	0.4435	0.43729	0.067371	0	0.0055997	-0.031725	0
O89110	O60260	0.00055172	0.020234	0.01473	5000	0.47137	0.43704	0.56223	0.38307	0.29875	0.29498	0.35325	0.44636	0.35868	0.3128	0.38018	0.36858	0.54621	0.4435	0.43729	0.067371	0	0.0055997	-0.031725	0
P09467	O60260	0	1	2	5000	0.1329	-0.15799	0.085862	0.1271	0.1885	0.16001	0.36141	0.14849	0.1511	0.3165	-0.19737	-0.20336	0.32602	0.025141	-0.22074	1	0	0.083238	0.66387	0
P18206	O60260	0	1	2	5000	0.028038	0.063277	0.49179	-0.14838	0.37437	0.30503	0.36476	0.08808	0.40042	0.30818	-0.071205	0.12975	0.21949	0.1571	0.40483	1	0	0.11033	0.565	0
P25789	O60260	1	1	1	5000	-0.16517	-0.033569	0.16335	-0.38438	0.077751	-0.065268	0.2996	0.070893	-0.06106	0.31084	-0.017715	0.33466	0.27044	-0.30935	0.32233	1	0	0.14395	0.29247	0
P29452	O60260	0.00055172	0.020234	0.01473	5000	0.47137	0.43704	0.56223	0.38307	0.29875	0.29498	0.35325	0.44636	0.35868	0.3128	0.38018	0.36858	0.54621	0.4435	0.43729	0.067371	0	0.0055997	-0.031725	0
P34913	O60260	0	0	3	5000	-0.12213	-0.064202	0.12697	0.30694	0.2257	-0.10369	0.31821	0.26132	0.49006	0.29143	0.2884	0.23455	0.43329	0.27746	0.46268	1	0	0.048281	0.46982	0
P34932	O60260	0	0	3	5000	-0.11687	0.091117	0.40114	-0.38253	-0.21302	-0.31727	0.42698	0.37138	-0.31165	0.31128	0.057227	0.34633	0.51106	-0.26339	0.43117	1	0	0.028085	0.50596	0
P36601	O60260	0.00055172	0.020234	0.01473	5000	0.47137	0.43704	0.56223	0.38307	0.29875	0.29498	0.35325	0.44636	0.35868	0.3128	0.38018	0.36858	0.54621	0.4435	0.43729	0.067371	0	0.0055997	-0.031725	0
P37840	O60260	2	2	5	5000	0.15382	0.018436	0.16243	0.2461	-0.0044712	-0.31206	0.29673	-0.20867	-0.073007	0.29955	-0.24472	-0.23754	0.29093	0.28696	-0.035676	1	0	0.15948	0.89498	0
P41220	O60260	0	1	3	5000	-0.091158	0.20973	-0.16528	-0.41285	-0.058892	-0.11043	0.3549	0.0068157	-0.085811	0.30172	0.25432	0.15151	0.28005	-0.005368	-0.24032	1	0	0.13785	0.4055	0
P42567	O60260	0.00055172	0.020234	0.01473	5000	0.47137	0.43704	0.56223	0.38307	0.29875	0.29498	0.35325	0.44636	0.35868	0.3128	0.38018	0.36858	0.54621	0.4435	0.43729	0.067371	0	0.0055997	-0.031725	0
P49792	O60260	0	2	1	5000	0.13392	-0.008549	0.45218	-0.16064	-0.12506	-0.048339	0.33965	0.20655	-0.26866	0.30202	0.1932	0.29717	0.39126	-0.2719	0.35621	1	0	0.074837	0.51768	0
P53667	O60260	0	2	4	5000	0.093284	0.20796	0.70974	0.16255	-0.13134	0.073323	0.36214	-0.17332	0.089335	0.26048	0.10518	0.083377	0.35236	0.24069	-0.20934	0.28971	0	0.018393	0.45493	0
P56524	O60260	0	3	3	5000	-0.013797	0.22412	0.39994	-0.18607	-0.12168	-0.070576	0.34353	-0.21254	0.12584	0.29604	-0.0077451	0.058315	0.34352	-0.29371	-0.14075	1	0	0.11775	0.48816	0
P68402	O60260	0	0	1	5000	0.066412	0.30607	0.62565	0.071077	-0.079297	-0.14655	0.3802	-0.1318	0.50257	0.29475	-0.45012	0.18772	0.48325	0.47232	0.45398	1	0	0.071622	0.37774	0
Q00535	O60260	1	1	3	5000	-0.0014549	0.044986	0.26886	0.39301	0.16422	0.18248	0.39959	0.26667	-0.012325	0.29417	0.055079	0.19936	0.34954	-0.25946	0.41537	1	0	0.05171	0.56449	0
Q01220	O60260	0.00055172	0.020234	0.01473	5000	0.47137	0.43704	0.56223	0.38307	0.29875	0.29498	0.35325	0.44636	0.35868	0.3128	0.38018	0.36858	0.54621	0.4435	0.43729	0.067371	0	0.0055997	-0.031725	0
Q01279	O60260	0.00055172	0.020234	0.01473	5000	0.47137	0.43704	0.56223	0.38307	0.29875	0.29498	0.35325	0.44636	0.35868	0.3128	0.38018	0.36858	0.54621	0.4435	0.43729	0.067371	0	0.0055997	-0.031725	0
Q03936	O60260	0	1	1	5000	0.052675	0.31188	0.56891	0.06959	-0.048129	-0.020683	0.42242	0.45258	-0.46328	0.29565	0.41287	0.46446	0.62581	0.42653	0.46875	0.62147	0	0.033961	0.3938	0
Q09472	O60260	0	2	2	5000	-0.06004	0.19127	0.69456	-0.026672	-0.039628	0.18963	0.3241	0.21149	0.34243	0.34511	-0.096859	0.37061	0.30513	-0.38063	0.21006	1	0	0.1258	0.56915	0
Q12933	O60260	2	3	2	5000	-0.091585	-0.12	0.57601	0.014661	0.44197	0.67483	0.31003	-0.36084	0.50372	0.29393	-0.32373	0.30678	0.42236	0.22669	-0.052877	0.1968	0	0.045662	0.49537	0
Q13155	O60260	0	1	2	5000	-0.071784	0.11485	0.54334	-0.038748	-0.033463	0.21696	0.29488	0.26823	-0.15409	0.28453	-0.31543	0.11324	0.39941	-0.23113	0.0073809	0.13895	0	0.058848	0.42866	0
Q14050	O60260	0	0	0	5000	0.1074	-0.063803	0.10555	0.12253	-0.30248	-0.11132	0.33512	0.39624	0.12097	0.2922	0.43664	-0.12615	0.35996	0.35167	-0.13178	0	0	0.01542	0.32884	0
Q14190	O60260	0	0	1	5000	0.34165	-0.15526	0.68824	0.43045	-0.014644	0.25458	0.34836	0.068207	-0.13516	0.30303	-0.26639	0.26181	0.53461	0.71808	-0.18685	1	0	0.068485	0.48415	0
Q15007	O60260	0	0	1	5000	-0.039034	-0.17127	0.71713	-0.56004	0.16825	0.0079071	0.28344	0.10742	-0.18678	0.28212	-0.043154	0.3408	0.30685	-0.28699	0.34412	0.32181	0	0.031046	0.3074	0
Q15327	O60260	0	1	3	5000	0.22545	-0.17279	0.59579	0.1541	-0.029515	-0.3799	0.35265	-0.076626	0.18697	0.29812	0.00031533	0.38404	0.31096	0.39854	0.0048668	0.080214	0	0.063252	0.64473	0
Q15645	O60260	0	1	1	5000	-0.044595	-0.089198	0.59856	0.15504	-0.083238	0.026187	0.34196	-0.28498	-0.033325	0.27726	-0.38472	0.20182	0.29873	-0.21299	-0.090187	0.1739	0	0.024246	0.28553	0
Q16342	O60260	0	1	2	5000	0.038219	0.053136	0.76963	-0.012736	-0.2253	0.15986	0.27945	0.17993	-0.20978	0.29984	-0.091984	0.073408	0.32968	-0.21307	-0.040368	0	0	0.019342	0.48345	0
Q567Q0	O60260	0	0	0	5000	0.26577	0.47823	0.55928	0.4312	0.41201	0.38808	0.37428	0.4443	0.51697	0.40478	0.39034	0.38049	0.3826	0.46858	0.45595	0.21478	0	0.003394	0.075338	0
Q5JSZ5	O60260	0	1	0	5000	-0.083101	-0.24204	0.26	0.15168	0.04146	0.2311	0.37478	-0.23388	0.20428	0.31949	0.16957	-0.17708	0.5703	0.15369	0.37005	0.14791	0	0.028094	0.3022	0
Q5SY80	O60260	0	0	0	5000	0.39836	0.36982	0.51296	0.14451	-0.089696	-0.041568	0.43765	0.53536	0.45254	0.27015	0.50092	0.40997	0.56818	0.58897	0.44723	0.52857	0	0.021951	0.053885	0
Q68EM7	O60260	0	1	1	5000	0.33526	0.25573	0.029766	0.17358	-0.22334	0.21287	0.34728	0.14464	0.058184	0.31687	-0.24373	0.28749	0.31729	0.13699	0.01981	1	0	0.14759	0.40998	0
Q6NUN9	O60260	1	3	2	5000	0.33096	0.4092	0.66	-0.055531	-0.04481	0.06035	0.35004	0.39459	0.27338	0.30218	-0.1335	0.3589	0.28858	0.44904	0.17497	1	0	0.091488	0.53811	0
Q6P0P0	O60260	0.00045977	0.035077	0.0125	5000	0.37134	0.04731	0.59545	-0.033752	0.095391	0.0044956	0.3606	-0.24091	0.44836	0.24395	0.42413	0.42458	0.42946	0.20596	0.52685	0.18243	0	0.02638	-0.00032371	0
Q71B31	O60260	0.00055172	0.020234	0.01473	5000	0.47137	0.43704	0.56223	0.38307	0.29875	0.29498	0.35325	0.44636	0.35868	0.3128	0.38018	0.36858	0.54621	0.4435	0.43729	0.067371	0	0.0055997	-0.031725	0
Q7Z4W1	O60260	0	0	0	5000	0.27861	-0.049219	-0.026225	0.32444	0.12219	0.12753	0.37083	0.079334	0.44039	0.30636	-0.041102	0.29869	0.45521	-0.16137	0.37779	0.069153	0	0.014849	0.12069	0
Q81JS9	O60260	0.00055172	0.020234	0.01473	5000	0.47137	0.43704	0.56223	0.38307	0.29875	0.29498	0.35325	0.44636	0.35868	0.3128	0.38018	0.36858	0.54621	0.4435	0.43729	0.067371	0	0.0055997	-0.031725	0
Q81NT0	O60260	0.00055172	0.020234	0.01473	5000	0.47137	0.43704	0.56223	0.38307	0.29875	0.29498	0.35325	0.44636	0.35868	0.3128	0.38018	0.36858	0.54621	0.4435	0.43729	0.067371	0	0.0055997	-0.031725	0
Q8CLV1	O60260	0.00055172	0.020234	0.01473	5000	0.47137	0.43704	0.56223	0.38307	0.29875	0.29498	0.35325	0.44636	0.35868	0.3128	0.38018	0.36858	0.54621	0.4435	0.43729	0.067371	0	0.0055997	-0.031725	0
Q8CZU8	O60260	0.00055172	0.020234	0.01473	5000	0.47137	0.43704	0.56223	0.38307	0.29875	0.29498	0.35325	0.44636	0.35868	0.3128	0.38018	0.36858	0.54621	0.4435	0.43729	0.067371	0	0.0055997	-0.031725	0
Q8TD19	O60260	0	2	2	5000	-0.21585	-0.11195	0.44068	0.18182	0.26091	0.079862	0.34341	0.10812	0.37405	0.34869	0.12903	0.40048	0.36184	0.057423	0.47943	1	0	0.035391	0.38874	0
Q8WVB3	O60260	0	0	2	5000	0.44569	0.34376	0.48167	0.23717	-0.20627	-0.39503	0.40778	0.31939	0.43361	0.24625	0.33612	0.41986	0.51515	0.41965	0.39415	0.35477	0	0.016564	0.21945	0
Q92526	O60260	0	0	1	5000	0.057909	-0.062808	0.20122	0.26019	0.15968	-0.009621	0.33462	0.1338	-0.18206	0.29427	0.36547	-0.20463	0.38913	-0.23998	0.34274	1	0	0.088084	0.38189	0
Q969H0	O60260	0	1	4	5000	0.39401	0.099919	0.36313	-0.082097	-0.24301	-0.13473	0.27939	-0.26445	-0.11869	0.28052	0.15241	0.30349	0.41538	-0.15729	0.22574	0.24134	0	0.076127	0.42281	0
Q96I16	O60260	0.00055172	0.020234	0.01473	5000	0.47137	0.43704	0.56223	0.38307	0.29875	0.29498	0.35325	0.44636	0.35868	0.3128	0.38018	0.36858	0.54621	0.4435	0.43729	0.067371	0	0.0055997	-0.031725	0
Q96J01	O60260	0	0	0	5000	0.33887	0.37297	0.58894	-0.19102	-0.20264	-0.12368	0.31608	0.20405	0.2409	0.29425	-0.26358	0.41097	0.34694	0.26066	0.3001	0.17912	0	0.033882	0.010887	0
Q99497	O60260	4	1	4	5000	0.023047	-0.011427	0.30288	0.44418	-0.38583	-0.30911	0.35163	0.11716	-0.42439	0.2906	0.5206	0.32195	0.47869	-0.22835	0.04233	1	0	0.08782	0.78063	0
Q99719	O60260	0	1	0	5000	0.004309	-0.081222	0.37531	0.5527	0.42258	0.098154	0.32739	-0.066811	0.26778	0.30849	0.23498	-0.017291	0.37189	0.39733	0.023911	0.19525	0	0.037299	0.20951	0
Q9BT88	O60260	0	1	0	5000	-0.016729	0.11885	0.6101	0.35011	-0.32552	-0.15717	0.42629	0.025817	0.22468	0.28772	0.61718	-0.28018	0.21216	0.13229	0.41979	1	0	0.05628	0.49729	0
Q9BXM7	O60260	3	2	2	5000	0.21953	-0.043765	0.55343	0.23965	-0.040786	0.098649	0.27542	-0.017278	-0.035527	0.28886	0.19366	-0.39273	0.37023	0.26657	-0.19567	0.19417	0	0.072329	0.55023	0
Q9H4P4	O60260	2	3	1	5000	0.17771	-0.078435	0.36155	-0.1431	0.16324	-0.020552	0.33457	0.034189	-0.059257	0.30172	-0.2005	0.10168	0.28005	0.12054	-0.10976	1	0	0.14284	0.55225	0
Q9HB29	O60260	0	0	0	5000	0.19893	-0.10678	0.50897	0.16991	0.055368	0.1737	0.30861	0.018602	0.42514	0.30098	0.2484	0.31303	0.52092	0.17288	0.42249	0.20874	0	0.02458	0.038233	0
Q9HBM6	O60260	0	1	0	5000	0.37806	0.18238	0.70208	0.073021	0.072268	-0.11292	0.359	-0.0026424	-0.10547	0.29626	-0.36539	0.40142	0.2877	0.1806	0.27362	1	0	0.080549	0.28629	0
Q9NRD5	O60260	0	1	5	5000	0.17841	0.077443	0.6779	0.40744	0.24081	0.025789	0.36971	-0.51381	0.25596	0.38437	0.3101	0.041345	0.3929	0.2435	0.49416	0.2143	0	0.061874	0.60169	0
Q9NRX3	O60260	0	0.018462	0.0145	5000	0.37728	-0.17821	0.58918	0.20837	-0.23569	-0.19131	0.33736	-0.27792	0.40987	0.29369	0.14864	0.32255	0.39221	0.22009	0.42017	0	0	0.021425	-0.020743	0
Q9Y6H5	O60260	3	2	2	5000	0.2973	-0.24456	0.53182	0.25045	0.10399	-0.16566	0.27773	0.056219	0.079741	0.28832	-0.17662	0.276	0.33	0.34854	-0.12265	0	0	0.035287	0.62028	0
