uniprot_id1	uniprot_id2	go_function	go_component	go_process	sequence_similarity	coexpression1	coexpression2	coexpression3	coexpression4	coexpression5	coexpression6	coexpression7	coexpression8	coexpression9	coexpression10	coexpression11	coexpression12	coexpression13	coexpression14	coexpression15	localization	homology_yeast	domain_domain_interaction	score	hprd_flag
D2JYH5	P27338	0.00055172	0.020234	0.01473	5000	0.47137	0.43704	0.56223	0.38307	0.29875	0.29498	0.35325	0.44636	0.35868	0.3128	0.38018	0.36858	0.54621	0.4435	0.43729	0.067371	0	0.0055997	-0.031725	0
O14795	P27338	0	0	0	5000	-0.075706	-0.10454	0.18703	-0.03805	0.19926	0.18088	0.27175	0.54142	-0.22545	0.31612	-0.31316	-0.055107	-0.69966	0.48648	0.2275	0.33634	0	0.040952	0.24631	0
O43392	P27338	0.00055172	0.020234	0.01473	5000	0.47137	0.43704	0.56223	0.38307	0.29875	0.29498	0.35325	0.44636	0.35868	0.3128	0.38018	0.36858	0.54621	0.4435	0.43729	0.067371	0	0.0055997	-0.031725	0
P07359	P27338	0	0	0	5000	0.26577	0.47823	0.55928	0.4312	0.41201	0.38808	0.37428	0.4443	0.51697	0.40478	0.39034	0.38049	0.3826	0.46858	0.45595	0.21478	0	0.003394	0.075338	0
P12980	P27338	0	0	0	5000	0.089126	-0.013699	-0.1454	-0.10691	0.20021	-0.0076896	-0.032435	-0.32117	-0.066242	0.28564	-0.014047	-0.096286	-0.18271	0.18394	-0.093045	0.12182	0	0.030066	0.10238	0
P27338	O00444	0	0	0	5000	-0.083472	-0.11223	-0.087634	0.14067	-0.22523	-0.020604	0.026534	-0.30889	-0.19835	0.29073	-0.027126	-0.12758	-0.54298	-0.47226	0.1641	0.11609	0	0.030142	0.095882	0
P27338	O00482	0	0	0	5000	0.04417	-0.11642	0.070992	-0.039791	0.15709	-0.044716	0.19302	-0.38668	0.034034	0.31801	-0.099994	0.040392	-0.10362	0.38948	0.28293	0.15994	0	0.026588	0.12082	0
P27338	P0CG48	0	0	0	5000	0.18015	0.101	0.20515	0.19958	0.01639	0.16409	0.37765	0.47045	0.27332	0.31059	0.40687	0.023805	0.41409	0.30862	0.41658	0.13006	0	0.014027	0.16568	0
P27338	P31016	0.00055172	0.020234	0.01473	499	0.47137	0.43704	0.56223	0.38307	0.29875	0.29498	0.35325	0.44636	0.35868	0.3128	0.38018	0.36858	0.54621	0.4435	0.43729	0.067371	0	0.0055997	-0.069737	0
P27338	P36222	0	0	0	5000	0.031557	-0.069136	0.12899	-0.45322	0.34037	0.26818	0.38556	-0.11145	-0.28893	0.27318	-0.0039071	-0.082598	0.77165	-0.26196	-0.064901	0.23849	0	0.034537	0.38926	0
P27338	P51946	0	0	0	5000	-0.11387	-0.11687	0.087349	-0.1712	-0.01516	-0.049708	-0.32114	0.41457	-0.22482	0.29648	0.043738	-0.27373	0.23975	0.18851	-0.022208	0.1443	0	0.022657	0.21838	0
P27338	P63037	0.00055172	0.020234	0.01473	5000	0.47137	0.43704	0.56223	0.38307	0.29875	0.29498	0.35325	0.44636	0.35868	0.3128	0.38018	0.36858	0.54621	0.4435	0.43729	0.067371	0	0.0055997	-0.031725	0
P27338	Q13415	0	0	0	5000	0.14794	0.044952	0.051177	-0.068319	-0.31075	-0.189	0.40041	-0.13599	-0.28741	0.30892	-0.16216	-0.031086	0.088095	-0.37717	0.12027	0.10426	0	0.013025	0.121	0
P27338	Q15156	0.00055172	0.020234	0.01473	5000	0.47137	0.43704	0.56223	0.38307	0.29875	0.29498	0.35325	0.44636	0.35868	0.3128	0.38018	0.36858	0.54621	0.4435	0.43729	0.067371	0	0.0055997	-0.031725	0
P27338	Q15831	1	0	0	5000	-0.063278	0.42058	0.21916	0.22316	-0.034847	0.074197	0.38569	-0.44758	0.44815	0.34084	0.012773	0.0032367	0.51235	-0.0054992	0.27101	0.11202	0	0.029701	0.095372	0
P27338	Q7CGG3	0.00055172	0.020234	0.01473	5000	0.47137	0.43704	0.56223	0.38307	0.29875	0.29498	0.35325	0.44636	0.35868	0.3128	0.38018	0.36858	0.54621	0.4435	0.43729	0.067371	0	0.0055997	-0.031725	0
P27338	Q7RTV0	0	0	0	5000	0.29385	0.30323	0.323	-0.3429	-0.22533	-0.04104	-0.1071	0.4095	-0.23828	0.30043	-0.11788	0.45078	0.72897	0.46256	-0.18246	0.15051	0	0.03241	0.25918	0
P27338	Q81PC9	0.00055172	0.020234	0.01473	5000	0.47137	0.43704	0.56223	0.38307	0.29875	0.29498	0.35325	0.44636	0.35868	0.3128	0.38018	0.36858	0.54621	0.4435	0.43729	0.067371	0	0.0055997	-0.031725	0
P27338	Q8BRF1	0.00055172	0.020234	0.01473	5000	0.47137	0.43704	0.56223	0.38307	0.29875	0.29498	0.35325	0.44636	0.35868	0.3128	0.38018	0.36858	0.54621	0.4435	0.43729	0.067371	0	0.0055997	-0.031725	0
P27338	Q8D017	0.00055172	0.020234	0.01473	5000	0.47137	0.43704	0.56223	0.38307	0.29875	0.29498	0.35325	0.44636	0.35868	0.3128	0.38018	0.36858	0.54621	0.4435	0.43729	0.067371	0	0.0055997	-0.031725	0
P27338	Q8WXD0	0	0	1	5000	0.44801	0.38442	0.53086	-0.012618	0.33022	0.32891	0.45497	0.54826	0.50969	0.24542	0.49017	0.36381	0.38992	0.47654	0.51638	0.16111	0	0.028677	0.18141	0
P27338	Q93062	0	0	0	5000	-0.023767	0.065753	0.19516	-0.45375	0.40462	0.46972	-0.21301	0.33413	0.22078	0.34016	0.20223	0.35974	0.63985	0.31961	0.52635	0.33482	0	0.025097	0.33358	0
P27338	Q9BVL4	0.017011	0.095385	0.05125	5000	0.4156	0.37474	0.50395	-0.27015	-0.33802	-0.24751	0.34672	0.36114	0.34606	0.2916	0.40375	0.33851	0.51836	0.3424	0.3702	0.538	0	0.081161	0.026497	0
P27338	Q9NSM5	0.00055172	0.020234	0.01473	5000	0.47137	0.43704	0.56223	0.38307	0.29875	0.29498	0.35325	0.44636	0.35868	0.3128	0.38018	0.36858	0.54621	0.4435	0.43729	0.067371	0	0.0055997	-0.031725	0
P35612	P27338	0	1	0	5000	0.30753	0.0155	0.27731	-0.11115	-0.098175	-0.23744	0.20285	-0.17834	-0.14229	0.28714	-0.053616	0.056172	0.15533	0.021229	0.18904	0.19068	0	0.03049	0.092257	0
P38919	P27338	0	0	0	5000	-0.21003	-0.064521	-0.0054661	-0.52075	-0.10208	-0.066838	0.23041	0.018082	0.21035	0.29826	-0.28415	-0.041105	-0.038885	-0.27669	-0.15433	0.081928	0	0.017307	0.047993	0
Q01831	P27338	1	0	0	5000	0.017641	0.18445	0.33912	0.35419	0.075507	0.038997	-0.36357	0.70946	0.20147	0.31862	0.2566	0.27118	-0.28393	0.66063	0.26524	0.44744	0	0.048569	0.074043	0
Q05513	P27338	0	0	0	5000	0.020372	0.24325	0.37419	0.24245	-0.18351	-0.23951	-0.094249	0.37669	-0.042281	0.29199	0.43348	-0.16458	0.041981	0.34545	0.47471	0.19252	0	0.020247	0.073592	0
Q12979	P27338	1	0	0	580	0.1836	-0.048428	0.38642	0.57946	-0.052423	-0.27216	0.065832	0.0049127	0.066135	0.28527	0.59378	-0.12591	0.28962	0.41137	-0.0059574	0.14093	0	0.030947	0.10443	0
Q15027	P27338	0	0	0	5000	-0.023524	-0.17244	-0.1831	-0.17709	0.3046	0.15546	0.13684	-0.19757	0.03532	0.2996	-0.031977	0.082199	0.017801	-0.11809	0.18565	0.36031	0	0.095365	0.12978	0
Q5NE99	P27338	0.00055172	0.020234	0.01473	5000	0.47137	0.43704	0.56223	0.38307	0.29875	0.29498	0.35325	0.44636	0.35868	0.3128	0.38018	0.36858	0.54621	0.4435	0.43729	0.067371	0	0.0055997	-0.031725	0
Q5NF29	P27338	0.00055172	0.020234	0.01473	5000	0.47137	0.43704	0.56223	0.38307	0.29875	0.29498	0.35325	0.44636	0.35868	0.3128	0.38018	0.36858	0.54621	0.4435	0.43729	0.067371	0	0.0055997	-0.031725	0
Q7CKB5	P27338	0.00055172	0.020234	0.01473	5000	0.47137	0.43704	0.56223	0.38307	0.29875	0.29498	0.35325	0.44636	0.35868	0.3128	0.38018	0.36858	0.54621	0.4435	0.43729	0.067371	0	0.0055997	-0.031725	0
Q81K67	P27338	0.00055172	0.020234	0.01473	5000	0.47137	0.43704	0.56223	0.38307	0.29875	0.29498	0.35325	0.44636	0.35868	0.3128	0.38018	0.36858	0.54621	0.4435	0.43729	0.067371	0	0.0055997	-0.031725	0
Q81PT2	P27338	0.00055172	0.020234	0.01473	50	0.47137	0.43704	0.56223	0.38307	0.29875	0.29498	0.35325	0.44636	0.35868	0.3128	0.38018	0.36858	0.54621	0.4435	0.43729	0.067371	0	0.0055997	-0.073529	0
Q81V44	P27338	0.00055172	0.020234	0.01473	5000	0.47137	0.43704	0.56223	0.38307	0.29875	0.29498	0.35325	0.44636	0.35868	0.3128	0.38018	0.36858	0.54621	0.4435	0.43729	0.067371	0	0.0055997	-0.031725	0
Q9EQG6	P27338	0.00055172	0.020234	0.01473	5000	0.47137	0.43704	0.56223	0.38307	0.29875	0.29498	0.35325	0.44636	0.35868	0.3128	0.38018	0.36858	0.54621	0.4435	0.43729	0.067371	0	0.0055997	-0.031725	0
Q9H9H4	P27338	0	0	0	5000	0.42489	-0.34874	0.049462	-0.46851	0.02236	-0.18005	0.20776	-0.053703	0.071633	0.28847	0.22076	0.33283	0.32902	0.15136	-0.24472	0.19654	0	0.022205	0.29189	0
Q9HBZ2	P27338	0	0	0	5000	0.19308	0.093911	0.39042	0.15378	-0.074599	0.086739	-0.12478	0.22304	0.039367	0.28832	-0.09451	-0.13601	0.32211	0.37673	0.17015	0.13895	0	0.031798	0.13384	0
Q9UJT1	P27338	0	0	0	5000	0.31713	0.12423	0.10501	0.11191	-0.37151	-0.508	0.022031	-0.2843	-0.1357	0.29805	-0.34047	0.36855	-0.63451	0.071467	-0.29662	0.13468	0	0.015626	0.044314	0
Q9Y427	P27338	0	0	0	5000	0.52837	0.16295	0.127	0.19483	-0.12929	-0.057787	0.17929	-0.34408	-0.13484	0.30672	-0.17611	0.53452	0.5261	0.15754	0.26508	0.18736	0	0.022834	0.029116	0
