uniprot_id1	uniprot_id2	go_function	go_component	go_process	sequence_similarity	coexpression1	coexpression2	coexpression3	coexpression4	coexpression5	coexpression6	coexpression7	coexpression8	coexpression9	coexpression10	coexpression11	coexpression12	coexpression13	coexpression14	coexpression15	localization	homology_yeast	domain_domain_interaction	score	hprd_flag
B4DL40	P37840	0.00045977	0.024615	0.0112	5000	0.44472	0.36323	0.48612	0.16923	0.30626	0.28381	0.33367	0.41758	0.45449	0.2514	0.42177	0.36169	0.43183	0.4311	0.48732	0.15954	0	0.029066	0.0073339	0
O14656	P37840	0	0	1	5000	0.07114	0.32781	0.22149	-0.51212	-0.053238	-0.064703	-0.017472	-0.10666	0.12208	0.31055	-0.088058	0.081012	-0.51188	-0.077574	0.38826	0.15952	0	0.02523	0.079975	1
O43236	P37840	0	1	2	5000	0.15966	0.45737	0.26863	0.03213	0.13337	-0.15234	0.16168	0.11173	0.44993	0.17462	0.033142	-0.074626	-0.26881	0.53546	-0.082923	0.20344	0	0.063408	0.36486	0
O43255	P37840	1	2	3	5000	-0.082163	0.46084	0.60254	-0.44623	-0.098102	-0.20224	0.6102	-0.13742	-0.17384	0.29616	0.11377	0.15296	0.28576	0.0060429	0.52943	0.35506	0	0.066956	0.34017	0
O43776	P37840	0	0	3	5000	-0.12369	-0.41767	0.30416	0.12817	0.1345	-0.01119	0.074579	-0.12661	0.13119	-0.16446	0.23904	-0.20898	-0.13968	-0.025057	0.30984	0.17564	0	0.080439	0.31605	0
O60765	P37840	0	1	0	5000	0.051335	-0.081795	0.16817	-0.35691	0.085256	-0.059482	0.19729	0.33957	-0.044182	0.30137	0.31505	0.29048	-0.12416	-0.11857	0.26781	0.21108	0	0.036374	0.24612	0
O75346	P37840	0	1	1	5000	0.03462	0.18683	0.18957	0.10451	0.35078	0.30808	0.35569	0.37009	0.44506	-0.045934	0.17432	0.21369	0.40424	-0.079252	0.43491	0.30375	0	0.027299	0.38974	0
O95365	P37840	0	1	1	5000	0.063364	0.13865	0.32907	0.52052	0.17385	0.064527	0.11356	0.34891	-0.24309	-0.051515	-0.31164	0.092856	0.013101	0.3394	0.061377	0.31511	0	0.047031	0.30776	0
P05067	P37840	1	2	8	5000	-0.11038	-0.089719	0.26898	0.69744	0.11065	0.0019842	0.25821	-0.20347	0.49634	0.28886	0.47538	-0.067593	-0.17435	-0.053426	-0.19702	0	0	0.025179	0.84344	0
P06241	P37840	0	1	2	5000	0.0021499	-0.0042652	0.189	-0.12061	0.33396	0.29284	0.22573	-0.29791	0.45329	0.31747	-0.19906	0.027638	0.25257	0.50985	-0.035095	1	0	0.13483	0.62335	1
P06776	P37840	0.00055172	0.020234	0.01473	5000	0.47137	0.43704	0.56223	0.38307	0.29875	0.29498	0.35325	0.44636	0.35868	0.3128	0.38018	0.36858	0.54621	0.4435	0.43729	0.067371	0	0.0055997	-0.031725	0
P07101	P37840	3	2	5	5000	0.16806	-0.18214	-0.028188	0.38539	-0.050492	-0.15249	0.28268	0.15892	-0.20304	0.32891	0.42744	-0.027913	0.22516	0.1843	0.25399	0	1	0.074641	1.0724	0
P09769	P37840	0	0	3	5000	0.080698	0.18752	-0.10862	-0.25687	0.37431	0.38553	0.033151	0.066983	-0.29185	0.32116	-0.11564	-0.072396	0.034004	0.48963	-0.48752	1	0	0.11599	0.55752	1
P09936	P37840	0	1	5	5000	0.074917	0.11344	0.31337	0.26533	0.2827	-0.19108	-0.30333	-0.30895	0.63079	0.30024	-0.31621	-0.041859	0.66612	-0.06408	-0.086264	0.12786	0	0.048637	0.63485	0
P19784	P37840	0	1	2	5000	-0.034422	0.17372	-0.079181	-0.076317	-0.059304	0.10426	0.10466	-0.084178	0.14488	0.064566	-0.0090812	0.082924	-0.10618	0.37349	0.35746	1	0	0.15069	0.53767	1
P20485	P37840	0.00055172	0.020234	0.01473	5000	0.47137	0.43704	0.56223	0.38307	0.29875	0.29498	0.35325	0.44636	0.35868	0.3128	0.38018	0.36858	0.54621	0.4435	0.43729	0.067371	0	0.0055997	-0.031725	0
P21146	P37840	0.00055172	0.020234	0.01473	5000	0.47137	0.43704	0.56223	0.38307	0.29875	0.29498	0.35325	0.44636	0.35868	0.3128	0.38018	0.36858	0.54621	0.4435	0.43729	0.067371	0	0.0055997	-0.031725	0
P24280	P37840	0.00055172	0.020234	0.01473	5000	0.47137	0.43704	0.56223	0.38307	0.29875	0.29498	0.35325	0.44636	0.35868	0.3128	0.38018	0.36858	0.54621	0.4435	0.43729	0.067371	0	0.0055997	-0.031725	0
P25098	P37840	1	1	5	5000	0.083059	0.077619	0.15851	0.17101	0.29268	0.351	0.28242	0.40462	-0.064403	0.29883	0.11038	-0.24431	0.30792	0.094719	-0.2071	0	0	0.037666	0.74729	1
P31946	P37840	0	2	4	5000	-0.022727	-0.4718	0.28555	0.32227	0.23452	0.023497	-0.24464	-0.3437	0.52377	0.29977	0.16311	-0.10943	-0.379	0.07858	-0.34071	0.39418	0	0.057645	0.83983	1
P32562	P37840	0.00055172	0.020234	0.01473	5000	0.47137	0.43704	0.56223	0.38307	0.29875	0.29498	0.35325	0.44636	0.35868	0.3128	0.38018	0.36858	0.54621	0.4435	0.43729	0.067371	0	0.0055997	-0.031725	0
P34947	P37840	1	1	3	5000	-0.026512	-0.01622	0.11028	0.088255	0.077819	0.21559	0.47315	0.24673	-0.029256	0.31869	-0.17775	0.14196	0.28859	0.62645	-0.37287	1	0	0.15179	0.64356	1
P35243	P37840	0	1	0	5000	0.021353	0.22136	0.16558	-0.078752	0.049804	0.18217	0.3497	0.29029	0.45525	0.32118	0.010746	-0.051313	0.52078	0.2904	0.45857	0.1495	0	0.023296	0.33507	0
P36551	P37840	0	0	2	5000	-0.035674	-0.30433	0.60803	0.56905	0.248	-0.00010489	0.53227	0.27417	0.4729	0.31539	-0.023827	-0.03428	-0.37993	-0.32636	0.26317	0	0	0.011565	0.52886	0
P37840	A0AVG4	0.00045977	0.021538	0.012	5000	0.29595	-0.15507	0.23228	0.31988	0.037406	0.27394	0.34756	0.17668	0.44266	0.097958	-0.22705	0.30896	0.47281	0.27375	0.42118	0.059419	0	0.022155	-0.018461	0
P37840	A1L4K2	0.0082759	0.052308	0.06125	5000	0.078866	-0.07567	0.15362	0.15665	-0.10938	0.14529	-0.043143	0.23768	-0.2937	-0.14175	0.024216	-0.0071961	-0.68998	0.12617	0.17654	0.11609	0	0.088469	-0.121	0
P37840	A2A5A0	0.00055172	0.020234	0.01473	5000	0.47137	0.43704	0.56223	0.38307	0.29875	0.29498	0.35325	0.44636	0.35868	0.3128	0.38018	0.36858	0.54621	0.4435	0.43729	0.067371	0	0.0055997	-0.031725	0
P37840	A2AFW7	0.00055172	0.020234	0.01473	5000	0.47137	0.43704	0.56223	0.38307	0.29875	0.29498	0.35325	0.44636	0.35868	0.3128	0.38018	0.36858	0.54621	0.4435	0.43729	0.067371	0	0.0055997	-0.031725	0
P37840	A2AJI0	0.00055172	0.020234	0.01473	5000	0.47137	0.43704	0.56223	0.38307	0.29875	0.29498	0.35325	0.44636	0.35868	0.3128	0.38018	0.36858	0.54621	0.4435	0.43729	0.067371	0	0.0055997	-0.031725	0
P37840	A2AP31	0.00055172	0.020234	0.01473	5000	0.47137	0.43704	0.56223	0.38307	0.29875	0.29498	0.35325	0.44636	0.35868	0.3128	0.38018	0.36858	0.54621	0.4435	0.43729	0.067371	0	0.0055997	-0.031725	0
P37840	A2ARP8	0.00055172	0.020234	0.01473	5000	0.47137	0.43704	0.56223	0.38307	0.29875	0.29498	0.35325	0.44636	0.35868	0.3128	0.38018	0.36858	0.54621	0.4435	0.43729	0.067371	0	0.0055997	-0.031725	0
P37840	A2AUF6	0.00055172	0.020234	0.01473	5000	0.47137	0.43704	0.56223	0.38307	0.29875	0.29498	0.35325	0.44636	0.35868	0.3128	0.38018	0.36858	0.54621	0.4435	0.43729	0.067371	0	0.0055997	-0.031725	0
P37840	A2RUN4	0.0082759	0.052308	0.055	5000	0.18249	0.31232	0.12621	0.17598	0.47027	-0.0083949	0.16429	0.1031	0.21911	0.29861	-0.15576	0.1692	0.37534	-0.049461	-0.11005	0.19376	0	0.081109	0.083035	1
P37840	A6ZI44	0.00055172	0.020234	0.01473	5000	0.47137	0.43704	0.56223	0.38307	0.29875	0.29498	0.35325	0.44636	0.35868	0.3128	0.38018	0.36858	0.54621	0.4435	0.43729	0.067371	0	0.0055997	-0.031725	0
P37840	A8IP69	0.00055172	0.020234	0.01473	5000	0.47137	0.43704	0.56223	0.38307	0.29875	0.29498	0.35325	0.44636	0.35868	0.3128	0.38018	0.36858	0.54621	0.4435	0.43729	0.067371	0	0.0055997	-0.031725	0
P37840	A8K5I0	0.0010115	0.037538	0.018352	5000	0.0063309	-0.41396	0.022149	-0.31293	-0.11974	-0.00029358	0.34996	0.18039	0.43037	0.31153	0.22204	0.059523	0.55796	-0.066297	0.43078	0.22681	0	0.024404	0.25966	0
P37840	B1AQX9	0.00055172	0.020234	0.01473	5000	0.47137	0.43704	0.56223	0.38307	0.29875	0.29498	0.35325	0.44636	0.35868	0.3128	0.38018	0.36858	0.54621	0.4435	0.43729	0.067371	0	0.0055997	-0.031725	0
P37840	B1AV40	0.00055172	0.020234	0.01473	5000	0.47137	0.43704	0.56223	0.38307	0.29875	0.29498	0.35325	0.44636	0.35868	0.3128	0.38018	0.36858	0.54621	0.4435	0.43729	0.067371	0	0.0055997	-0.031725	0
P37840	B1AVA7	0.00055172	0.020234	0.01473	5000	0.47137	0.43704	0.56223	0.38307	0.29875	0.29498	0.35325	0.44636	0.35868	0.3128	0.38018	0.36858	0.54621	0.4435	0.43729	0.067371	0	0.0055997	-0.031725	0
P37840	B1GX79	0.0041379	0.012308	0.02325	5000	0.093632	-0.068803	0.30233	0.03699	0.069272	-0.085642	0.32405	0.29318	0.40751	0.3013	-0.44907	0.19582	-0.37429	0.1453	-0.081502	0.13511	0	0.019996	0.20067	0
P37840	B2KGQ2	0.00055172	0.020234	0.01473	5000	0.47137	0.43704	0.56223	0.38307	0.29875	0.29498	0.35325	0.44636	0.35868	0.3128	0.38018	0.36858	0.54621	0.4435	0.43729	0.067371	0	0.0055997	-0.031725	0
P37840	B2RRX1	0.00055172	0.020234	0.01473	5000	0.47137	0.43704	0.56223	0.38307	0.29875	0.29498	0.35325	0.44636	0.35868	0.3128	0.38018	0.36858	0.54621	0.4435	0.43729	0.067371	0	0.0055997	-0.031725	0
P37840	B2RWI2	0.00055172	0.020234	0.01473	5000	0.47137	0.43704	0.56223	0.38307	0.29875	0.29498	0.35325	0.44636	0.35868	0.3128	0.38018	0.36858	0.54621	0.4435	0.43729	0.067371	0	0.0055997	-0.031725	0
P37840	B2ZZ89	0.015172	0.036923	0.0675	5000	0.067995	-0.037273	0.27466	0.10451	0.21379	0.021126	-0.031616	-0.37146	0.11363	-0.024269	-0.22875	0.047052	0.35368	0.58609	-0.00073549	0.18855	0	0.096714	0.057649	0
P37840	B3KVQ9	0.0045977	0.030769	0.01875	5000	0.25234	0.42423	0.5032	0.084185	0.33266	-0.085174	0.029051	0.24523	0.49175	0.060672	0.097954	0.36149	0.25581	0.33187	-0.27291	0.19113	0	0.042028	0.0010644	0
P37840	B4DJ51	0.019126	0.10277	0.066	5000	0.066971	-0.29651	0.3649	-0.26686	0.31041	0.025394	0.081579	-0.027482	0.6062	-0.062413	0.40035	-0.089896	-0.045523	0.43538	0.26664	0.58336	0	0.11763	0.23529	1
P37840	B7ZWE5	0.00055172	0.020234	0.01473	5000	0.47137	0.43704	0.56223	0.38307	0.29875	0.29498	0.35325	0.44636	0.35868	0.3128	0.38018	0.36858	0.54621	0.4435	0.43729	0.067371	0	0.0055997	-0.031725	0
P37840	C3VPR7	0.005977	0.025118	0.01746	5000	0.33545	0.33302	0.5772	0.09802	0.24683	0.25064	-0.069774	0.25356	-0.35334	0.083491	0.46632	0.44675	-0.41727	0.38881	0.52923	0.26731	0	0.022749	0.025255	0
P37840	D3ZWQ5	0.00055172	0.020234	0.01473	5000	0.47137	0.43704	0.56223	0.38307	0.29875	0.29498	0.35325	0.44636	0.35868	0.3128	0.38018	0.36858	0.54621	0.4435	0.43729	0.067371	0	0.0055997	-0.031725	0
P37840	E9PWB5	0.00055172	0.020234	0.01473	5000	0.47137	0.43704	0.56223	0.38307	0.29875	0.29498	0.35325	0.44636	0.35868	0.3128	0.38018	0.36858	0.54621	0.4435	0.43729	0.067371	0	0.0055997	-0.031725	0
P37840	E9PZS8	0.00055172	0.020234	0.01473	5000	0.47137	0.43704	0.56223	0.38307	0.29875	0.29498	0.35325	0.44636	0.35868	0.3128	0.38018	0.36858	0.54621	0.4435	0.43729	0.067371	0	0.0055997	-0.031725	0
P37840	E9Q1V9	0.00055172	0.020234	0.01473	747	0.47137	0.43704	0.56223	0.38307	0.29875	0.29498	0.35325	0.44636	0.35868	0.3128	0.38018	0.36858	0.54621	0.4435	0.43729	0.067371	0	0.0055997	-0.067642	0
P37840	E9Q447	0.00055172	0.020234	0.01473	5000	0.47137	0.43704	0.56223	0.38307	0.29875	0.29498	0.35325	0.44636	0.35868	0.3128	0.38018	0.36858	0.54621	0.4435	0.43729	0.067371	0	0.0055997	-0.031725	0
P37840	E9QPX3	0.00055172	0.020234	0.01473	5000	0.47137	0.43704	0.56223	0.38307	0.29875	0.29498	0.35325	0.44636	0.35868	0.3128	0.38018	0.36858	0.54621	0.4435	0.43729	0.067371	0	0.0055997	-0.031725	0
P37840	O14613	0	1	2	5000	0.10031	-0.11748	0.17819	-0.34803	0.42336	0.35179	0.053985	0.35706	0.17467	0.30375	0.36137	0.22867	0.38677	0.41957	-0.26873	0.3641	0	0.094449	0.57785	0
P37840	O35129	0.00055172	0.020234	0.01473	5000	0.47137	0.43704	0.56223	0.38307	0.29875	0.29498	0.35325	0.44636	0.35868	0.3128	0.38018	0.36858	0.54621	0.4435	0.43729	0.067371	0	0.0055997	-0.031725	0
P37840	O35526	0.00055172	0.020234	0.01473	5000	0.47137	0.43704	0.56223	0.38307	0.29875	0.29498	0.35325	0.44636	0.35868	0.3128	0.38018	0.36858	0.54621	0.4435	0.43729	0.067371	0	0.0055997	-0.031725	0
P37840	O35643	0	0	0	5000	0.31143	0.3661	0.60804	0.43346	0.35099	0.27202	0.48234	0.41213	0.503	0.35622	0.40186	0.42957	0.6118	0.47208	0.43035	0.55444	1	0.004828	0.20787	0
P37840	O43323	0	3	1	5000	-0.001679	0.31243	0.43436	0.024657	0.37889	0.35867	0.27675	0.2482	0.37859	0.29558	0.5314	0.1578	0.47108	0.40713	0.46693	0.37174	0	0.058973	0.47569	0
P37840	O60260	2	2	5	5000	0.15382	0.018436	0.16243	0.2461	-0.0044712	-0.31206	0.29673	-0.20867	-0.073007	0.29955	-0.24472	-0.23754	0.29093	0.28696	-0.035676	1	0	0.15948	0.89498	0
P37840	O60716	0	1	4	5000	0.10946	-0.14945	0.084587	-0.00067115	0.080581	0.066023	-0.18761	-0.30595	0.073548	0.29915	0.48325	0.05164	-0.56437	-0.10612	0.21145	0.3888	0	0.09197	0.52821	0
P37840	O94811	0	2	4	5000	0.1885	0.15766	0.3449	0.20209	-0.050696	0.028056	-0.19562	0.098423	0.60851	-0.10092	-0.17595	0.10181	0.26241	0.42155	-0.31372	0.25085	0	0.089914	0.70278	0
P37840	O95139	0	0	2	5000	-0.042396	-0.27044	0.21056	-3.3584e-05	0.17081	-0.13684	0.0713	0.029327	0.17578	0.28927	-0.032653	-0.036864	0.31381	0.096392	0.21931	0.14468	0	0.085052	0.32776	0
P37840	P00405	0.00055172	0.020234	0.01473	5000	0.47137	0.43704	0.56223	0.38307	0.29875	0.29498	0.35325	0.44636	0.35868	0.3128	0.38018	0.36858	0.54621	0.4435	0.43729	0.067371	0	0.0055997	-0.031725	0
P37840	P00414	0	0	0	5000	0.43377	0.41903	0.59993	0.30377	0.30236	0.25201	0.32551	0.491	0.4306	0.070528	0.45165	0.36996	0.39465	0.51581	0.46752	0.24162	0	0.040083	-0.035646	1
P37840	P00447	0.00055172	0.020234	0.01473	5000	0.47137	0.43704	0.56223	0.38307	0.29875	0.29498	0.35325	0.44636	0.35868	0.3128	0.38018	0.36858	0.54621	0.4435	0.43729	0.067371	0	0.0055997	-0.031725	0
P37840	P01098	0.00055172	0.020234	0.01473	5000	0.47137	0.43704	0.56223	0.38307	0.29875	0.29498	0.35325	0.44636	0.35868	0.3128	0.38018	0.36858	0.54621	0.4435	0.43729	0.067371	0	0.0055997	-0.031725	0
P37840	P01831	0.00055172	0.020234	0.01473	5000	0.47137	0.43704	0.56223	0.38307	0.29875	0.29498	0.35325	0.44636	0.35868	0.3128	0.38018	0.36858	0.54621	0.4435	0.43729	0.067371	0	0.0055997	-0.031725	0
P37840	P03888	0.00055172	0.020234	0.01473	5000	0.47137	0.43704	0.56223	0.38307	0.29875	0.29498	0.35325	0.44636	0.35868	0.3128	0.38018	0.36858	0.54621	0.4435	0.43729	0.067371	0	0.0055997	-0.031725	0
P37840	P03911	0.00055172	0.020234	0.01473	5000	0.47137	0.43704	0.56223	0.38307	0.29875	0.29498	0.35325	0.44636	0.35868	0.3128	0.38018	0.36858	0.54621	0.4435	0.43729	0.067371	0	0.0055997	-0.031725	0
P37840	P04492	0.00055172	0.020234	0.01473	5000	0.47137	0.43704	0.56223	0.38307	0.29875	0.29498	0.35325	0.44636	0.35868	0.3128	0.38018	0.36858	0.54621	0.4435	0.43729	0.067371	0	0.0055997	-0.031725	0
P37840	P05375	0.00055172	0.020234	0.01473	5000	0.47137	0.43704	0.56223	0.38307	0.29875	0.29498	0.35325	0.44636	0.35868	0.3128	0.38018	0.36858	0.54621	0.4435	0.43729	0.067371	0	0.0055997	-0.031725	0
P37840	P05540	0.00055172	0.020234	0.01473	5000	0.47137	0.43704	0.56223	0.38307	0.29875	0.29498	0.35325	0.44636	0.35868	0.3128	0.38018	0.36858	0.54621	0.4435	0.43729	0.067371	0	0.0055997	-0.031725	0
P37840	P06106	0.00055172	0.020234	0.01473	5000	0.47137	0.43704	0.56223	0.38307	0.29875	0.29498	0.35325	0.44636	0.35868	0.3128	0.38018	0.36858	0.54621	0.4435	0.43729	0.067371	0	0.0055997	-0.031725	0
P37840	P08551	0.00055172	0.020234	0.01473	5000	0.47137	0.43704	0.56223	0.38307	0.29875	0.29498	0.35325	0.44636	0.35868	0.3128	0.38018	0.36858	0.54621	0.4435	0.43729	0.067371	0	0.0055997	-0.031725	0
P37840	P08566	0.00055172	0.020234	0.01473	5000	0.47137	0.43704	0.56223	0.38307	0.29875	0.29498	0.35325	0.44636	0.35868	0.3128	0.38018	0.36858	0.54621	0.4435	0.43729	0.067371	0	0.0055997	-0.031725	0
P37840	P08670	0	2	3	5000	0.15244	0.21837	-0.061801	0.14635	0.35181	-0.18795	-0.16999	-0.23978	-0.31243	0.29038	-0.054701	-0.14697	0.09444	0.40468	-0.33754	0	0	0.03463	0.48335	0
P37840	P0CG48	1	1	2	5000	0.17914	0.65906	0.24657	-0.053223	0.12706	0.052074	0.27255	-0.16889	0.4201	0.12379	0.43301	0.21452	0.42592	0.2823	0.37138	0.48096	0	0.062658	0.38011	0
P37840	P0CX86	0.00055172	0.020234	0.01473	5000	0.47137	0.43704	0.56223	0.38307	0.29875	0.29498	0.35325	0.44636	0.35868	0.3128	0.38018	0.36858	0.54621	0.4435	0.43729	0.067371	0	0.0055997	-0.031725	0
P37840	P10636	0	1	4	5000	0.23535	0.2171	0.3473	0.45411	0.12785	-0.034507	0.19895	0.23023	0.56551	-0.15809	-0.064972	0.14534	0.44823	0.32813	-0.25311	0	0	0.027574	0.56468	1
P37840	P11798	0.00055172	0.020234	0.01473	5000	0.47137	0.43704	0.56223	0.38307	0.29875	0.29498	0.35325	0.44636	0.35868	0.3128	0.38018	0.36858	0.54621	0.4435	0.43729	0.067371	0	0.0055997	-0.031725	0
P37840	P12787	0.00055172	0.020234	0.01473	5000	0.47137	0.43704	0.56223	0.38307	0.29875	0.29498	0.35325	0.44636	0.35868	0.3128	0.38018	0.36858	0.54621	0.4435	0.43729	0.067371	0	0.0055997	-0.031725	0
P37840	P12960	0.00055172	0.020234	0.01473	5000	0.47137	0.43704	0.56223	0.38307	0.29875	0.29498	0.35325	0.44636	0.35868	0.3128	0.38018	0.36858	0.54621	0.4435	0.43729	0.067371	0	0.0055997	-0.031725	0
P37840	P13473	0	0	1	5000	-0.040809	-0.41681	0.12788	0.11463	0.036119	-0.030292	-0.20418	-0.31236	0.5804	-0.017794	0.1056	0.11312	0.094293	-0.15392	0.16983	0	0	0.02426	0.17286	0
P37840	P13711	0.00055172	0.020234	0.01473	5000	0.47137	0.43704	0.56223	0.38307	0.29875	0.29498	0.35325	0.44636	0.35868	0.3128	0.38018	0.36858	0.54621	0.4435	0.43729	0.067371	0	0.0055997	-0.031725	0
P37840	P13902	0.00055172	0.020234	0.01473	5000	0.47137	0.43704	0.56223	0.38307	0.29875	0.29498	0.35325	0.44636	0.35868	0.3128	0.38018	0.36858	0.54621	0.4435	0.43729	0.067371	0	0.0055997	-0.031725	0
P37840	P14873	0.00055172	0.020234	0.01473	5000	0.47137	0.43704	0.56223	0.38307	0.29875	0.29498	0.35325	0.44636	0.35868	0.3128	0.38018	0.36858	0.54621	0.4435	0.43729	0.067371	0	0.0055997	-0.031725	0
P37840	P15105	0.00055172	0.020234	0.01473	5000	0.47137	0.43704	0.56223	0.38307	0.29875	0.29498	0.35325	0.44636	0.35868	0.3128	0.38018	0.36858	0.54621	0.4435	0.43729	0.067371	0	0.0055997	-0.031725	0
P37840	P16330	0.00055172	0.020234	0.01473	5000	0.47137	0.43704	0.56223	0.38307	0.29875	0.29498	0.35325	0.44636	0.35868	0.3128	0.38018	0.36858	0.54621	0.4435	0.43729	0.067371	0	0.0055997	-0.031725	0
P37840	P17423	0.00055172	0.020234	0.01473	5000	0.47137	0.43704	0.56223	0.38307	0.29875	0.29498	0.35325	0.44636	0.35868	0.3128	0.38018	0.36858	0.54621	0.4435	0.43729	0.067371	0	0.0055997	-0.031725	0
P37840	P17426	0.00055172	0.020234	0.01473	5000	0.47137	0.43704	0.56223	0.38307	0.29875	0.29498	0.35325	0.44636	0.35868	0.3128	0.38018	0.36858	0.54621	0.4435	0.43729	0.067371	0	0.0055997	-0.031725	0
P37840	P18872	0.00055172	0.020234	0.01473	5000	0.47137	0.43704	0.56223	0.38307	0.29875	0.29498	0.35325	0.44636	0.35868	0.3128	0.38018	0.36858	0.54621	0.4435	0.43729	0.067371	0	0.0055997	-0.031725	0
P37840	P19419	0	1	1	5000	0.15475	-0.12531	0.22303	-0.049474	0.45693	0.33078	-0.2946	0.56984	0.42799	0.33706	-0.60744	0.25696	0.50337	0.023343	-0.32902	0	0	0.020506	0.64756	1
P37840	P19881	0.00055172	0.020234	0.01473	5000	0.47137	0.43704	0.56223	0.38307	0.29875	0.29498	0.35325	0.44636	0.35868	0.3128	0.38018	0.36858	0.54621	0.4435	0.43729	0.067371	0	0.0055997	-0.031725	0
P37840	P21796	0	1	2	5000	-0.048913	0.19336	0.18063	-0.057976	0.28512	-0.31934	-0.33294	0.025047	0.0095105	0.28789	-0.047664	-0.13348	0.082731	-0.1699	0.027606	0.39794	0	0.099942	0.19419	0
P37840	P22695	0	1	1	5000	-0.083614	-0.3773	0.30759	-0.0068388	0.33036	0.062464	-0.18509	0.00096535	-0.063759	-0.059791	0.35708	-0.20461	0.32311	0.10525	0.23159	0	0	0.024841	0.26147	0
P37840	P25353	0.00055172	0.020234	0.01473	5000	0.47137	0.43704	0.56223	0.38307	0.29875	0.29498	0.35325	0.44636	0.35868	0.3128	0.38018	0.36858	0.54621	0.4435	0.43729	0.067371	0	0.0055997	-0.031725	0
P37840	P25454	0.00055172	0.020234	0.01473	5000	0.47137	0.43704	0.56223	0.38307	0.29875	0.29498	0.35325	0.44636	0.35868	0.3128	0.38018	0.36858	0.54621	0.4435	0.43729	0.067371	0	0.0055997	-0.031725	0
P37840	P25572	0.00055172	0.020234	0.01473	5000	0.47137	0.43704	0.56223	0.38307	0.29875	0.29498	0.35325	0.44636	0.35868	0.3128	0.38018	0.36858	0.54621	0.4435	0.43729	0.067371	0	0.0055997	-0.031725	0
P37840	P25619	0.00055172	0.020234	0.01473	5000	0.47137	0.43704	0.56223	0.38307	0.29875	0.29498	0.35325	0.44636	0.35868	0.3128	0.38018	0.36858	0.54621	0.4435	0.43729	0.067371	0	0.0055997	-0.031725	0
P37840	P25630	0.00055172	0.020234	0.01473	5000	0.47137	0.43704	0.56223	0.38307	0.29875	0.29498	0.35325	0.44636	0.35868	0.3128	0.38018	0.36858	0.54621	0.4435	0.43729	0.067371	0	0.0055997	-0.031725	0
P37840	P25631	0.00055172	0.020234	0.01473	5000	0.47137	0.43704	0.56223	0.38307	0.29875	0.29498	0.35325	0.44636	0.35868	0.3128	0.38018	0.36858	0.54621	0.4435	0.43729	0.067371	0	0.0055997	-0.031725	0
P37840	P25641	0.00055172	0.020234	0.01473	5000	0.47137	0.43704	0.56223	0.38307	0.29875	0.29498	0.35325	0.44636	0.35868	0.3128	0.38018	0.36858	0.54621	0.4435	0.43729	0.067371	0	0.0055997	-0.031725	0
P37840	P27361	0	1	3	5000	-0.027418	-0.18327	0.27751	-0.0050469	-0.11342	-0.0080175	0.18252	0.026147	0.53125	0.31651	0.22983	0.2887	0.049472	0.2639	-0.32707	1	0	0.14931	0.63399	0
P37840	P28263	0.00055172	0.020234	0.01473	5000	0.47137	0.43704	0.56223	0.38307	0.29875	0.29498	0.35325	0.44636	0.35868	0.3128	0.38018	0.36858	0.54621	0.4435	0.43729	0.067371	0	0.0055997	-0.031725	0
P37840	P28482	0	1	3	5000	-0.029088	-0.10864	0.3933	-0.35236	0.071086	0.43473	-0.051099	0.017804	0.1053	-0.14584	-0.32029	-0.053641	-0.21221	-0.052338	0.03757	1	0	0.11903	0.69525	0
P37840	P29467	0.00055172	0.020234	0.01473	5000	0.47137	0.43704	0.56223	0.38307	0.29875	0.29498	0.35325	0.44636	0.35868	0.3128	0.38018	0.36858	0.54621	0.4435	0.43729	0.067371	0	0.0055997	-0.031725	0
P37840	P31381	0	0	0	5000	0.31143	0.3661	0.60804	0.43346	0.35099	0.27202	0.48234	0.41213	0.503	0.35622	0.40186	0.42957	0.6118	0.47208	0.43035	0.55444	1	0.004828	0.20787	0
P37840	P32454	0.00055172	0.020234	0.01473	5000	0.47137	0.43704	0.56223	0.38307	0.29875	0.29498	0.35325	0.44636	0.35868	0.3128	0.38018	0.36858	0.54621	0.4435	0.43729	0.067371	0	0.0055997	-0.031725	0
P37840	P32580	0.00055172	0.020234	0.01473	5000	0.47137	0.43704	0.56223	0.38307	0.29875	0.29498	0.35325	0.44636	0.35868	0.3128	0.38018	0.36858	0.54621	0.4435	0.43729	0.067371	0	0.0055997	-0.031725	0
P37840	P32769	0.00055172	0.020234	0.01473	5000	0.47137	0.43704	0.56223	0.38307	0.29875	0.29498	0.35325	0.44636	0.35868	0.3128	0.38018	0.36858	0.54621	0.4435	0.43729	0.067371	0	0.0055997	-0.031725	0
P37840	P32800	0.00055172	0.020234	0.01473	5000	0.47137	0.43704	0.56223	0.38307	0.29875	0.29498	0.35325	0.44636	0.35868	0.3128	0.38018	0.36858	0.54621	0.4435	0.43729	0.067371	0	0.0055997	-0.031725	0
P37840	P34246	0.00055172	0.020234	0.01473	5000	0.47137	0.43704	0.56223	0.38307	0.29875	0.29498	0.35325	0.44636	0.35868	0.3128	0.38018	0.36858	0.54621	0.4435	0.43729	0.067371	0	0.0055997	-0.031725	0
P37840	P34248	0.00055172	0.020234	0.01473	5000	0.47137	0.43704	0.56223	0.38307	0.29875	0.29498	0.35325	0.44636	0.35868	0.3128	0.38018	0.36858	0.54621	0.4435	0.43729	0.067371	0	0.0055997	-0.031725	0
P37840	P36095	0.00055172	0.020234	0.01473	5000	0.47137	0.43704	0.56223	0.38307	0.29875	0.29498	0.35325	0.44636	0.35868	0.3128	0.38018	0.36858	0.54621	0.4435	0.43729	0.067371	0	0.0055997	-0.031725	0
P37840	P36119	0.00055172	0.020234	0.01473	5000	0.47137	0.43704	0.56223	0.38307	0.29875	0.29498	0.35325	0.44636	0.35868	0.3128	0.38018	0.36858	0.54621	0.4435	0.43729	0.067371	0	0.0055997	-0.031725	0
P37840	P38150	0.00055172	0.020234	0.01473	1290	0.47137	0.43704	0.56223	0.38307	0.29875	0.29498	0.35325	0.44636	0.35868	0.3128	0.38018	0.36858	0.54621	0.4435	0.43729	0.067371	0	0.0055997	-0.063057	0
P37840	P38156	0.00055172	0.020234	0.01473	5000	0.47137	0.43704	0.56223	0.38307	0.29875	0.29498	0.35325	0.44636	0.35868	0.3128	0.38018	0.36858	0.54621	0.4435	0.43729	0.067371	0	0.0055997	-0.031725	0
P37840	P38360	0.00055172	0.020234	0.01473	5000	0.47137	0.43704	0.56223	0.38307	0.29875	0.29498	0.35325	0.44636	0.35868	0.3128	0.38018	0.36858	0.54621	0.4435	0.43729	0.067371	0	0.0055997	-0.031725	0
P37840	P38427	0.00055172	0.020234	0.01473	55	0.47137	0.43704	0.56223	0.38307	0.29875	0.29498	0.35325	0.44636	0.35868	0.3128	0.38018	0.36858	0.54621	0.4435	0.43729	0.067371	0	0.0055997	-0.073486	0
P37840	P38704	0.00055172	0.020234	0.01473	5000	0.47137	0.43704	0.56223	0.38307	0.29875	0.29498	0.35325	0.44636	0.35868	0.3128	0.38018	0.36858	0.54621	0.4435	0.43729	0.067371	0	0.0055997	-0.031725	0
P37840	P38885	0.00055172	0.020234	0.01473	5000	0.47137	0.43704	0.56223	0.38307	0.29875	0.29498	0.35325	0.44636	0.35868	0.3128	0.38018	0.36858	0.54621	0.4435	0.43729	0.067371	0	0.0055997	-0.031725	0
P37840	P39904	0.00055172	0.020234	0.01473	5000	0.47137	0.43704	0.56223	0.38307	0.29875	0.29498	0.35325	0.44636	0.35868	0.3128	0.38018	0.36858	0.54621	0.4435	0.43729	0.067371	0	0.0055997	-0.031725	0
P37840	P40036	0.00055172	0.020234	0.01473	5000	0.47137	0.43704	0.56223	0.38307	0.29875	0.29498	0.35325	0.44636	0.35868	0.3128	0.38018	0.36858	0.54621	0.4435	0.43729	0.067371	0	0.0055997	-0.031725	0
P37840	P40582	0.00055172	0.020234	0.01473	5000	0.47137	0.43704	0.56223	0.38307	0.29875	0.29498	0.35325	0.44636	0.35868	0.3128	0.38018	0.36858	0.54621	0.4435	0.43729	0.067371	0	0.0055997	-0.031725	0
P37840	P40630	0.00055172	0.020234	0.01473	5000	0.47137	0.43704	0.56223	0.38307	0.29875	0.29498	0.35325	0.44636	0.35868	0.3128	0.38018	0.36858	0.54621	0.4435	0.43729	0.067371	0	0.0055997	-0.031725	0
P37840	P40957	0.00055172	0.020234	0.01473	5000	0.47137	0.43704	0.56223	0.38307	0.29875	0.29498	0.35325	0.44636	0.35868	0.3128	0.38018	0.36858	0.54621	0.4435	0.43729	0.067371	0	0.0055997	-0.031725	0
P37840	P41252	0	1	3	5000	-0.097323	-0.34027	0.14042	-0.41074	0.23084	-0.087227	0.095	-0.16415	0.025934	0.30171	-0.32348	-0.16665	-0.17928	-0.30769	0.54462	0.15036	0	0.08479	0.6558	0
P37840	P42166	0	0	1	5000	-0.017651	0.059134	0.445	0.23794	-0.29763	0.028981	0.26535	0.01362	-0.079175	0.013499	0.21534	0.22591	-0.47912	-0.20915	0.055659	0.15754	0	0.022008	0.022893	0
P37840	P42936	0.00055172	0.020234	0.01473	5000	0.47137	0.43704	0.56223	0.38307	0.29875	0.29498	0.35325	0.44636	0.35868	0.3128	0.38018	0.36858	0.54621	0.4435	0.43729	0.067371	0	0.0055997	-0.031725	0
P37840	P43006	0.00055172	0.020234	0.01473	5000	0.47137	0.43704	0.56223	0.38307	0.29875	0.29498	0.35325	0.44636	0.35868	0.3128	0.38018	0.36858	0.54621	0.4435	0.43729	0.067371	0	0.0055997	-0.031725	0
P37840	P43608	0.00055172	0.020234	0.01473	5000	0.47137	0.43704	0.56223	0.38307	0.29875	0.29498	0.35325	0.44636	0.35868	0.3128	0.38018	0.36858	0.54621	0.4435	0.43729	0.067371	0	0.0055997	-0.031725	0
P37840	P46821	1	1	5	5000	-0.043153	-0.14309	0.29556	-0.3037	0.37223	0.20204	-0.18336	0.28648	0.63339	0.035243	-0.0016103	-0.027072	0.56176	-0.055404	-0.18289	0	0	0.034841	0.93675	1
P37840	P47016	0.00055172	0.020234	0.01473	5000	0.47137	0.43704	0.56223	0.38307	0.29875	0.29498	0.35325	0.44636	0.35868	0.3128	0.38018	0.36858	0.54621	0.4435	0.43729	0.067371	0	0.0055997	-0.031725	0
P37840	P47019	0.00055172	0.020234	0.01473	5000	0.47137	0.43704	0.56223	0.38307	0.29875	0.29498	0.35325	0.44636	0.35868	0.3128	0.38018	0.36858	0.54621	0.4435	0.43729	0.067371	0	0.0055997	-0.031725	0
P37840	P47022	0.00055172	0.020234	0.01473	5000	0.47137	0.43704	0.56223	0.38307	0.29875	0.29498	0.35325	0.44636	0.35868	0.3128	0.38018	0.36858	0.54621	0.4435	0.43729	0.067371	0	0.0055997	-0.031725	0
P37840	P47116	0.00055172	0.020234	0.01473	5000	0.47137	0.43704	0.56223	0.38307	0.29875	0.29498	0.35325	0.44636	0.35868	0.3128	0.38018	0.36858	0.54621	0.4435	0.43729	0.067371	0	0.0055997	-0.031725	0
P37840	P47754	0.00055172	0.020234	0.01473	5000	0.47137	0.43704	0.56223	0.38307	0.29875	0.29498	0.35325	0.44636	0.35868	0.3128	0.38018	0.36858	0.54621	0.4435	0.43729	0.067371	0	0.0055997	-0.031725	0
P37840	P48239	0.00055172	0.020234	0.01473	5000	0.47137	0.43704	0.56223	0.38307	0.29875	0.29498	0.35325	0.44636	0.35868	0.3128	0.38018	0.36858	0.54621	0.4435	0.43729	0.067371	0	0.0055997	-0.031725	0
P37840	P48566	0.00055172	0.020234	0.01473	5000	0.47137	0.43704	0.56223	0.38307	0.29875	0.29498	0.35325	0.44636	0.35868	0.3128	0.38018	0.36858	0.54621	0.4435	0.43729	0.067371	0	0.0055997	-0.031725	0
P37840	P48771	0.00055172	0.020234	0.01473	5000	0.47137	0.43704	0.56223	0.38307	0.29875	0.29498	0.35325	0.44636	0.35868	0.3128	0.38018	0.36858	0.54621	0.4435	0.43729	0.067371	0	0.0055997	-0.031725	0
P37840	P50516	0.00055172	0.020234	0.01473	5000	0.47137	0.43704	0.56223	0.38307	0.29875	0.29498	0.35325	0.44636	0.35868	0.3128	0.38018	0.36858	0.54621	0.4435	0.43729	0.067371	0	0.0055997	-0.031725	0
P37840	P51512	0	2	1	5000	0.010348	0.38228	0.16435	0.34323	0.23424	-0.19906	-0.13175	0.46642	0.19762	0.18641	0.42029	0.1375	0.48166	0.1246	-0.34782	0.38295	0	0.038573	0.16991	0
P37840	P51617	3	1	3	5000	-0.10638	-0.14997	-0.04432	-0.5489	0.32672	-0.13072	0.20315	-0.036601	-0.3223	0.28789	-0.090851	-0.21586	0.044305	-0.49601	-0.15673	0.39794	0	0.099942	0.63225	0
P37840	P51801	0	0	0	5000	0.14087	-0.060173	0.011757	0.025794	0.29656	0.25235	0.34252	-0.35102	0.47029	0.3209	0.0094452	-0.011102	0.60811	0.1537	0.43442	0.23186	0	0.031443	0.26956	0
P37840	P51863	0.00055172	0.020234	0.01473	5000	0.47137	0.43704	0.56223	0.38307	0.29875	0.29498	0.35325	0.44636	0.35868	0.3128	0.38018	0.36858	0.54621	0.4435	0.43729	0.067371	0	0.0055997	-0.031725	0
P37840	P53054	0.00055172	0.020234	0.01473	5000	0.47137	0.43704	0.56223	0.38307	0.29875	0.29498	0.35325	0.44636	0.35868	0.3128	0.38018	0.36858	0.54621	0.4435	0.43729	0.067371	0	0.0055997	-0.031725	0
P37840	P53073	0.00055172	0.020234	0.01473	5000	0.47137	0.43704	0.56223	0.38307	0.29875	0.29498	0.35325	0.44636	0.35868	0.3128	0.38018	0.36858	0.54621	0.4435	0.43729	0.067371	0	0.0055997	-0.031725	0
P37840	P53077	0.00055172	0.020234	0.01473	5000	0.47137	0.43704	0.56223	0.38307	0.29875	0.29498	0.35325	0.44636	0.35868	0.3128	0.38018	0.36858	0.54621	0.4435	0.43729	0.067371	0	0.0055997	-0.031725	0
P37840	P53278	0.00055172	0.020234	0.01473	5000	0.47137	0.43704	0.56223	0.38307	0.29875	0.29498	0.35325	0.44636	0.35868	0.3128	0.38018	0.36858	0.54621	0.4435	0.43729	0.067371	0	0.0055997	-0.031725	0
P37840	P53301	0.00055172	0.020234	0.01473	5000	0.47137	0.43704	0.56223	0.38307	0.29875	0.29498	0.35325	0.44636	0.35868	0.3128	0.38018	0.36858	0.54621	0.4435	0.43729	0.067371	0	0.0055997	-0.031725	0
P37840	P53322	0.00055172	0.020234	0.01473	5000	0.47137	0.43704	0.56223	0.38307	0.29875	0.29498	0.35325	0.44636	0.35868	0.3128	0.38018	0.36858	0.54621	0.4435	0.43729	0.067371	0	0.0055997	-0.031725	0
P37840	P53959	0.00055172	0.020234	0.01473	726	0.47137	0.43704	0.56223	0.38307	0.29875	0.29498	0.35325	0.44636	0.35868	0.3128	0.38018	0.36858	0.54621	0.4435	0.43729	0.067371	0	0.0055997	-0.06782	0
P37840	P56391	0.00055172	0.020234	0.01473	5000	0.47137	0.43704	0.56223	0.38307	0.29875	0.29498	0.35325	0.44636	0.35868	0.3128	0.38018	0.36858	0.54621	0.4435	0.43729	0.067371	0	0.0055997	-0.031725	0
P37840	P56564	0.00055172	0.020234	0.01473	5000	0.47137	0.43704	0.56223	0.38307	0.29875	0.29498	0.35325	0.44636	0.35868	0.3128	0.38018	0.36858	0.54621	0.4435	0.43729	0.067371	0	0.0055997	-0.031725	0
P37840	P61164	0.00055172	0.020234	0.01473	5000	0.47137	0.43704	0.56223	0.38307	0.29875	0.29498	0.35325	0.44636	0.35868	0.3128	0.38018	0.36858	0.54621	0.4435	0.43729	0.067371	0	0.0055997	-0.031725	0
P37840	P62082	0.00055172	0.020234	0.01473	5000	0.47137	0.43704	0.56223	0.38307	0.29875	0.29498	0.35325	0.44636	0.35868	0.3128	0.38018	0.36858	0.54621	0.4435	0.43729	0.067371	0	0.0055997	-0.031725	0
P37840	P62137	0.00055172	0.020234	0.01473	5000	0.47137	0.43704	0.56223	0.38307	0.29875	0.29498	0.35325	0.44636	0.35868	0.3128	0.38018	0.36858	0.54621	0.4435	0.43729	0.067371	0	0.0055997	-0.031725	0
P37840	P62204	0.00055172	0.020234	0.01473	5000	0.47137	0.43704	0.56223	0.38307	0.29875	0.29498	0.35325	0.44636	0.35868	0.3128	0.38018	0.36858	0.54621	0.4435	0.43729	0.067371	0	0.0055997	-0.031725	0
P37840	P62258	0	2	3	5000	-0.071954	0.12615	0.27109	-0.17491	-0.097668	0.15799	-0.13472	0.00095097	0.31872	0.29915	0.24541	-0.18935	-0.16171	0.083213	-0.17468	0.3888	0	0.09197	0.57362	0
P37840	P62259	0.00055172	0.020234	0.01473	5000	0.47137	0.43704	0.56223	0.38307	0.29875	0.29498	0.35325	0.44636	0.35868	0.3128	0.38018	0.36858	0.54621	0.4435	0.43729	0.067371	0	0.0055997	-0.031725	0
P37840	P62482	0.00055172	0.020234	0.01473	5000	0.47137	0.43704	0.56223	0.38307	0.29875	0.29498	0.35325	0.44636	0.35868	0.3128	0.38018	0.36858	0.54621	0.4435	0.43729	0.067371	0	0.0055997	-0.031725	0
P37840	P62814	0.00055172	0.020234	0.01473	5000	0.47137	0.43704	0.56223	0.38307	0.29875	0.29498	0.35325	0.44636	0.35868	0.3128	0.38018	0.36858	0.54621	0.4435	0.43729	0.067371	0	0.0055997	-0.031725	0
P37840	P62874	0.00055172	0.020234	0.01473	5000	0.47137	0.43704	0.56223	0.38307	0.29875	0.29498	0.35325	0.44636	0.35868	0.3128	0.38018	0.36858	0.54621	0.4435	0.43729	0.067371	0	0.0055997	-0.031725	0
P37840	P62880	0.00055172	0.020234	0.01473	5000	0.47137	0.43704	0.56223	0.38307	0.29875	0.29498	0.35325	0.44636	0.35868	0.3128	0.38018	0.36858	0.54621	0.4435	0.43729	0.067371	0	0.0055997	-0.031725	0
P37840	P63101	0.00055172	0.020234	0.01473	5000	0.47137	0.43704	0.56223	0.38307	0.29875	0.29498	0.35325	0.44636	0.35868	0.3128	0.38018	0.36858	0.54621	0.4435	0.43729	0.067371	0	0.0055997	-0.031725	0
P37840	P63143	0.00055172	0.020234	0.01473	5000	0.47137	0.43704	0.56223	0.38307	0.29875	0.29498	0.35325	0.44636	0.35868	0.3128	0.38018	0.36858	0.54621	0.4435	0.43729	0.067371	0	0.0055997	-0.031725	0
P37840	P63168	0.00055172	0.020234	0.01473	5000	0.47137	0.43704	0.56223	0.38307	0.29875	0.29498	0.35325	0.44636	0.35868	0.3128	0.38018	0.36858	0.54621	0.4435	0.43729	0.067371	0	0.0055997	-0.031725	0
P37840	P63260	0.00055172	0.020234	0.01473	5000	0.47137	0.43704	0.56223	0.38307	0.29875	0.29498	0.35325	0.44636	0.35868	0.3128	0.38018	0.36858	0.54621	0.4435	0.43729	0.067371	0	0.0055997	-0.031725	0
P37840	P63325	0.00055172	0.020234	0.01473	5000	0.47137	0.43704	0.56223	0.38307	0.29875	0.29498	0.35325	0.44636	0.35868	0.3128	0.38018	0.36858	0.54621	0.4435	0.43729	0.067371	0	0.0055997	-0.031725	0
P37840	P67778	0.00055172	0.020234	0.01473	5000	0.47137	0.43704	0.56223	0.38307	0.29875	0.29498	0.35325	0.44636	0.35868	0.3128	0.38018	0.36858	0.54621	0.4435	0.43729	0.067371	0	0.0055997	-0.031725	0
P37840	P68040	0.00055172	0.020234	0.01473	5000	0.47137	0.43704	0.56223	0.38307	0.29875	0.29498	0.35325	0.44636	0.35868	0.3128	0.38018	0.36858	0.54621	0.4435	0.43729	0.067371	0	0.0055997	-0.031725	0
P37840	P68368	0.00055172	0.020234	0.01473	5000	0.47137	0.43704	0.56223	0.38307	0.29875	0.29498	0.35325	0.44636	0.35868	0.3128	0.38018	0.36858	0.54621	0.4435	0.43729	0.067371	0	0.0055997	-0.031725	0
P37840	P80235	0.00055172	0.020234	0.01473	5000	0.47137	0.43704	0.56223	0.38307	0.29875	0.29498	0.35325	0.44636	0.35868	0.3128	0.38018	0.36858	0.54621	0.4435	0.43729	0.067371	0	0.0055997	-0.031725	0
P37840	P84091	0.00055172	0.020234	0.01473	5000	0.47137	0.43704	0.56223	0.38307	0.29875	0.29498	0.35325	0.44636	0.35868	0.3128	0.38018	0.36858	0.54621	0.4435	0.43729	0.067371	0	0.0055997	-0.031725	0
P37840	P99024	0.00055172	0.020234	0.01473	5000	0.47137	0.43704	0.56223	0.38307	0.29875	0.29498	0.35325	0.44636	0.35868	0.3128	0.38018	0.36858	0.54621	0.4435	0.43729	0.067371	0	0.0055997	-0.031725	0
P37840	P99999	0	1	2	5000	0.019954	-0.49953	0.27069	0.024308	0.13735	0.076682	-0.044319	-0.072623	-0.02784	-0.063177	0.4284	-0.17972	0.22644	-0.30772	0.049574	0.43954	0	0.10139	0.35762	1
P37840	Q00610	1	1	3	5000	0.13915	0.076483	0.53618	-0.35171	0.065734	0.34972	-0.031143	-0.35469	0.28612	-0.044339	-0.51757	-0.18384	-0.36744	-0.29324	-0.29391	0.7648	0	0.11683	0.72124	0
P37840	Q02248	0.00055172	0.020234	0.01473	5000	0.47137	0.43704	0.56223	0.38307	0.29875	0.29498	0.35325	0.44636	0.35868	0.3128	0.38018	0.36858	0.54621	0.4435	0.43729	0.067371	0	0.0055997	-0.031725	0
P37840	Q02767	0.00055172	0.020234	0.01473	5000	0.47137	0.43704	0.56223	0.38307	0.29875	0.29498	0.35325	0.44636	0.35868	0.3128	0.38018	0.36858	0.54621	0.4435	0.43729	0.067371	0	0.0055997	-0.031725	0
P37840	Q02804	0.00055172	0.020234	0.01473	5000	0.47137	0.43704	0.56223	0.38307	0.29875	0.29498	0.35325	0.44636	0.35868	0.3128	0.38018	0.36858	0.54621	0.4435	0.43729	0.067371	0	0.0055997	-0.031725	0
P37840	Q02933	0.00055172	0.020234	0.01473	5000	0.47137	0.43704	0.56223	0.38307	0.29875	0.29498	0.35325	0.44636	0.35868	0.3128	0.38018	0.36858	0.54621	0.4435	0.43729	0.067371	0	0.0055997	-0.031725	0
P37840	Q03266	0.00055172	0.020234	0.01473	5000	0.47137	0.43704	0.56223	0.38307	0.29875	0.29498	0.35325	0.44636	0.35868	0.3128	0.38018	0.36858	0.54621	0.4435	0.43729	0.067371	0	0.0055997	-0.031725	0
P37840	Q03390	0.00055172	0.020234	0.01473	5000	0.47137	0.43704	0.56223	0.38307	0.29875	0.29498	0.35325	0.44636	0.35868	0.3128	0.38018	0.36858	0.54621	0.4435	0.43729	0.067371	0	0.0055997	-0.031725	0
P37840	Q03631	0.00055172	0.020234	0.01473	5000	0.47137	0.43704	0.56223	0.38307	0.29875	0.29498	0.35325	0.44636	0.35868	0.3128	0.38018	0.36858	0.54621	0.4435	0.43729	0.067371	0	0.0055997	-0.031725	0
P37840	Q03790	0.00055172	0.020234	0.01473	5000	0.47137	0.43704	0.56223	0.38307	0.29875	0.29498	0.35325	0.44636	0.35868	0.3128	0.38018	0.36858	0.54621	0.4435	0.43729	0.067371	0	0.0055997	-0.031725	0
P37840	Q05471	0.00055172	0.020234	0.01473	5000	0.47137	0.43704	0.56223	0.38307	0.29875	0.29498	0.35325	0.44636	0.35868	0.3128	0.38018	0.36858	0.54621	0.4435	0.43729	0.067371	0	0.0055997	-0.031725	0
P37840	Q05521	0.00055172	0.020234	0.01473	5000	0.47137	0.43704	0.56223	0.38307	0.29875	0.29498	0.35325	0.44636	0.35868	0.3128	0.38018	0.36858	0.54621	0.4435	0.43729	0.067371	0	0.0055997	-0.031725	0
P37840	Q05998	0.00055172	0.020234	0.01473	5000	0.47137	0.43704	0.56223	0.38307	0.29875	0.29498	0.35325	0.44636	0.35868	0.3128	0.38018	0.36858	0.54621	0.4435	0.43729	0.067371	0	0.0055997	-0.031725	0
P37840	Q06504	0.00055172	0.020234	0.01473	5000	0.47137	0.43704	0.56223	0.38307	0.29875	0.29498	0.35325	0.44636	0.35868	0.3128	0.38018	0.36858	0.54621	0.4435	0.43729	0.067371	0	0.0055997	-0.031725	0
P37840	Q07535	0.00055172	0.020234	0.01473	5000	0.47137	0.43704	0.56223	0.38307	0.29875	0.29498	0.35325	0.44636	0.35868	0.3128	0.38018	0.36858	0.54621	0.4435	0.43729	0.067371	0	0.0055997	-0.031725	0
P37840	Q07817	2	2	3	5000	0.10849	-0.25726	0.58854	-0.53313	-0.20201	-0.13585	0.78044	-0.31314	-0.010311	0.042208	0.11433	-0.0085631	-0.12382	-0.30403	0.39178	0.40099	0	0.028974	0.55701	0
P37840	Q08144	0.00055172	0.020234	0.01473	5000	0.47137	0.43704	0.56223	0.38307	0.29875	0.29498	0.35325	0.44636	0.35868	0.3128	0.38018	0.36858	0.54621	0.4435	0.43729	0.067371	0	0.0055997	-0.031725	0
P37840	Q08495	0	0	3	5000	0.17722	0.35247	0.73024	0.28806	0.033532	0.10756	0.77772	-0.10874	0.60528	0.32118	0.47631	0.021899	0.055032	0.22788	0.47983	0.24716	0	0.060415	0.43183	0
P37840	Q12041	0.00055172	0.020234	0.01473	5000	0.47137	0.43704	0.56223	0.38307	0.29875	0.29498	0.35325	0.44636	0.35868	0.3128	0.38018	0.36858	0.54621	0.4435	0.43729	0.067371	0	0.0055997	-0.031725	0
P37840	Q12163	0.00055172	0.020234	0.01473	5000	0.47137	0.43704	0.56223	0.38307	0.29875	0.29498	0.35325	0.44636	0.35868	0.3128	0.38018	0.36858	0.54621	0.4435	0.43729	0.067371	0	0.0055997	-0.031725	0
P37840	Q12318	0.00055172	0.020234	0.01473	5000	0.47137	0.43704	0.56223	0.38307	0.29875	0.29498	0.35325	0.44636	0.35868	0.3128	0.38018	0.36858	0.54621	0.4435	0.43729	0.067371	0	0.0055997	-0.031725	0
P37840	Q12320	0.00055172	0.020234	0.01473	5000	0.47137	0.43704	0.56223	0.38307	0.29875	0.29498	0.35325	0.44636	0.35868	0.3128	0.38018	0.36858	0.54621	0.4435	0.43729	0.067371	0	0.0055997	-0.031725	0
P37840	Q13214	0	0	1	5000	0.14236	0.54536	0.067919	0.042217	-0.23605	0.23011	0.33442	-0.075369	0.45944	0.30626	0.16295	0.28108	0.54231	0.21556	0.46759	0.14304	0	0.025895	0.32869	0
P37840	Q13526	0	1	2	5000	-0.02944	0.048086	0.31343	-0.11804	-0.070912	0.24203	0.13953	-0.11982	0.50897	0.3047	0.2312	0.011177	0.27935	0.25845	0.13379	0	0	0.018752	0.51306	0
P37840	Q14814	0	1	1	5000	0.0075741	0.1777	0.1864	-0.029414	-0.0089173	0.19622	-0.13899	0.2027	0.074201	-0.008745	-0.02974	0.01632	0.12555	0.12399	-0.35443	1	0	0.11903	0.35783	0
P37840	Q3THE2	0.00055172	0.020234	0.01473	5000	0.47137	0.43704	0.56223	0.38307	0.29875	0.29498	0.35325	0.44636	0.35868	0.3128	0.38018	0.36858	0.54621	0.4435	0.43729	0.067371	0	0.0055997	-0.031725	0
P37840	Q3TLQ0	0.00055172	0.020234	0.01473	5000	0.47137	0.43704	0.56223	0.38307	0.29875	0.29498	0.35325	0.44636	0.35868	0.3128	0.38018	0.36858	0.54621	0.4435	0.43729	0.067371	0	0.0055997	-0.031725	0
P37840	Q3TX38	0.00055172	0.020234	0.01473	5000	0.47137	0.43704	0.56223	0.38307	0.29875	0.29498	0.35325	0.44636	0.35868	0.3128	0.38018	0.36858	0.54621	0.4435	0.43729	0.067371	0	0.0055997	-0.031725	0
P37840	Q3UD06	0.00055172	0.020234	0.01473	5000	0.47137	0.43704	0.56223	0.38307	0.29875	0.29498	0.35325	0.44636	0.35868	0.3128	0.38018	0.36858	0.54621	0.4435	0.43729	0.067371	0	0.0055997	-0.031725	0
P37840	Q3UHD9	0.00055172	0.020234	0.01473	5000	0.47137	0.43704	0.56223	0.38307	0.29875	0.29498	0.35325	0.44636	0.35868	0.3128	0.38018	0.36858	0.54621	0.4435	0.43729	0.067371	0	0.0055997	-0.031725	0
P37840	Q3UJU9	0.00055172	0.020234	0.01473	5000	0.47137	0.43704	0.56223	0.38307	0.29875	0.29498	0.35325	0.44636	0.35868	0.3128	0.38018	0.36858	0.54621	0.4435	0.43729	0.067371	0	0.0055997	-0.031725	0
P37840	Q3UMM1	0.00055172	0.020234	0.01473	5000	0.47137	0.43704	0.56223	0.38307	0.29875	0.29498	0.35325	0.44636	0.35868	0.3128	0.38018	0.36858	0.54621	0.4435	0.43729	0.067371	0	0.0055997	-0.031725	0
P37840	Q3URG1	0.00055172	0.020234	0.01473	5000	0.47137	0.43704	0.56223	0.38307	0.29875	0.29498	0.35325	0.44636	0.35868	0.3128	0.38018	0.36858	0.54621	0.4435	0.43729	0.067371	0	0.0055997	-0.031725	0
P37840	Q53QZ3	0	0	1	5000	0.34113	-0.049956	-0.13033	0.21053	0.19466	0.035693	-0.14689	-0.29988	-0.26832	0.33313	-0.18635	0.32157	0.41972	0.39534	0.15933	1	0	0.11178	0.28003	0
P37840	Q5I0W0	0.00055172	0.020234	0.01473	5000	0.47137	0.43704	0.56223	0.38307	0.29875	0.29498	0.35325	0.44636	0.35868	0.3128	0.38018	0.36858	0.54621	0.4435	0.43729	0.067371	0	0.0055997	-0.031725	0
P37840	Q5JTC6	0	1	3	5000	0.48386	0.4328	0.72207	0.3862	0.38375	0.32555	0.49967	0.46402	0.55762	0.39213	0.48042	0.4849	0.54239	0.48805	0.56794	0.42454	0	0.086489	0.33161	0
P37840	Q5M9P5	0.00055172	0.020234	0.01473	5000	0.47137	0.43704	0.56223	0.38307	0.29875	0.29498	0.35325	0.44636	0.35868	0.3128	0.38018	0.36858	0.54621	0.4435	0.43729	0.067371	0	0.0055997	-0.031725	0
P37840	Q5NCJ9	0.00055172	0.020234	0.01473	5000	0.47137	0.43704	0.56223	0.38307	0.29875	0.29498	0.35325	0.44636	0.35868	0.3128	0.38018	0.36858	0.54621	0.4435	0.43729	0.067371	0	0.0055997	-0.031725	0
P37840	Q5RJI5	0.00055172	0.020234	0.01473	5000	0.47137	0.43704	0.56223	0.38307	0.29875	0.29498	0.35325	0.44636	0.35868	0.3128	0.38018	0.36858	0.54621	0.4435	0.43729	0.067371	0	0.0055997	-0.031725	0
P37840	Q5SWR1	0.00055172	0.020234	0.01473	5000	0.47137	0.43704	0.56223	0.38307	0.29875	0.29498	0.35325	0.44636	0.35868	0.3128	0.38018	0.36858	0.54621	0.4435	0.43729	0.067371	0	0.0055997	-0.031725	0
P37840	Q5SX53	0.00055172	0.020234	0.01473	5000	0.47137	0.43704	0.56223	0.38307	0.29875	0.29498	0.35325	0.44636	0.35868	0.3128	0.38018	0.36858	0.54621	0.4435	0.43729	0.067371	0	0.0055997	-0.031725	0
P37840	Q5VV52	0	1	1	5000	0.40583	0.35937	0.60367	0.24022	-0.29317	0.099126	0.078341	0.44905	0.20799	0.10457	0.027401	0.39549	0.014638	0.23734	0.48447	0.25729	0	0.031668	0.17777	0
P37840	Q60930	0.00055172	0.020234	0.01473	5000	0.47137	0.43704	0.56223	0.38307	0.29875	0.29498	0.35325	0.44636	0.35868	0.3128	0.38018	0.36858	0.54621	0.4435	0.43729	0.067371	0	0.0055997	-0.031725	0
P37840	Q61301	0.00055172	0.020234	0.01473	5000	0.47137	0.43704	0.56223	0.38307	0.29875	0.29498	0.35325	0.44636	0.35868	0.3128	0.38018	0.36858	0.54621	0.4435	0.43729	0.067371	0	0.0055997	-0.031725	0
P37840	Q61879	0.00055172	0.020234	0.01473	5000	0.47137	0.43704	0.56223	0.38307	0.29875	0.29498	0.35325	0.44636	0.35868	0.3128	0.38018	0.36858	0.54621	0.4435	0.43729	0.067371	0	0.0055997	-0.031725	0
P37840	Q62261	0.00055172	0.020234	0.01473	5000	0.47137	0.43704	0.56223	0.38307	0.29875	0.29498	0.35325	0.44636	0.35868	0.3128	0.38018	0.36858	0.54621	0.4435	0.43729	0.067371	0	0.0055997	-0.031725	0
P37840	Q64522	0.00055172	0.020234	0.01473	5000	0.47137	0.43704	0.56223	0.38307	0.29875	0.29498	0.35325	0.44636	0.35868	0.3128	0.38018	0.36858	0.54621	0.4435	0.43729	0.067371	0	0.0055997	-0.031725	0
P37840	Q68EG2	0.00055172	0.020234	0.01473	482	0.47137	0.43704	0.56223	0.38307	0.29875	0.29498	0.35325	0.44636	0.35868	0.3128	0.38018	0.36858	0.54621	0.4435	0.43729	0.067371	0	0.0055997	-0.06988	0
P37840	Q68FD5	0.00055172	0.020234	0.01473	5000	0.47137	0.43704	0.56223	0.38307	0.29875	0.29498	0.35325	0.44636	0.35868	0.3128	0.38018	0.36858	0.54621	0.4435	0.43729	0.067371	0	0.0055997	-0.031725	0
P37840	Q6DFY2	0.00055172	0.020234	0.01473	5000	0.47137	0.43704	0.56223	0.38307	0.29875	0.29498	0.35325	0.44636	0.35868	0.3128	0.38018	0.36858	0.54621	0.4435	0.43729	0.067371	0	0.0055997	-0.031725	0
P37840	Q6FH21	0.0036782	0.024615	0.017	5000	0.029745	0.010624	0.19148	0.0384	-0.10961	0.20005	0.28895	-0.33812	0.19905	0.076801	-0.021589	0.18467	0.37132	-0.020345	0.066481	0.11393	0	0.016154	0.02724	0
P37840	Q6P9K8	0.00055172	0.020234	0.01473	5000	0.47137	0.43704	0.56223	0.38307	0.29875	0.29498	0.35325	0.44636	0.35868	0.3128	0.38018	0.36858	0.54621	0.4435	0.43729	0.067371	0	0.0055997	-0.031725	0
P37840	Q6PF11	0.00055172	0.020234	0.01473	5000	0.47137	0.43704	0.56223	0.38307	0.29875	0.29498	0.35325	0.44636	0.35868	0.3128	0.38018	0.36858	0.54621	0.4435	0.43729	0.067371	0	0.0055997	-0.031725	0
P37840	Q6PJ87	0.00055172	0.020234	0.01473	5000	0.47137	0.43704	0.56223	0.38307	0.29875	0.29498	0.35325	0.44636	0.35868	0.3128	0.38018	0.36858	0.54621	0.4435	0.43729	0.067371	0	0.0055997	-0.031725	0
P37840	Q6PKN3	0.00055172	0.020234	0.01473	5000	0.47137	0.43704	0.56223	0.38307	0.29875	0.29498	0.35325	0.44636	0.35868	0.3128	0.38018	0.36858	0.54621	0.4435	0.43729	0.067371	0	0.0055997	-0.031725	0
P37840	Q78IK2	0.00055172	0.020234	0.01473	5000	0.47137	0.43704	0.56223	0.38307	0.29875	0.29498	0.35325	0.44636	0.35868	0.3128	0.38018	0.36858	0.54621	0.4435	0.43729	0.067371	0	0.0055997	-0.031725	0
P37840	Q7TSJ2	0.00055172	0.020234	0.01473	5000	0.47137	0.43704	0.56223	0.38307	0.29875	0.29498	0.35325	0.44636	0.35868	0.3128	0.38018	0.36858	0.54621	0.4435	0.43729	0.067371	0	0.0055997	-0.031725	0
P37840	Q7TSZ0	0.00055172	0.020234	0.01473	221	0.47137	0.43704	0.56223	0.38307	0.29875	0.29498	0.35325	0.44636	0.35868	0.3128	0.38018	0.36858	0.54621	0.4435	0.43729	0.067371	0	0.0055997	-0.072084	0
P37840	Q80YN3	0.00055172	0.020234	0.01473	5000	0.47137	0.43704	0.56223	0.38307	0.29875	0.29498	0.35325	0.44636	0.35868	0.3128	0.38018	0.36858	0.54621	0.4435	0.43729	0.067371	0	0.0055997	-0.031725	0
P37840	Q81P27	0.00055172	0.020234	0.01473	5000	0.47137	0.43704	0.56223	0.38307	0.29875	0.29498	0.35325	0.44636	0.35868	0.3128	0.38018	0.36858	0.54621	0.4435	0.43729	0.067371	0	0.0055997	-0.031725	0
P37840	Q8BG33	0.00055172	0.020234	0.01473	5000	0.47137	0.43704	0.56223	0.38307	0.29875	0.29498	0.35325	0.44636	0.35868	0.3128	0.38018	0.36858	0.54621	0.4435	0.43729	0.067371	0	0.0055997	-0.031725	0
P37840	Q8BG81	0.00055172	0.020234	0.01473	5000	0.47137	0.43704	0.56223	0.38307	0.29875	0.29498	0.35325	0.44636	0.35868	0.3128	0.38018	0.36858	0.54621	0.4435	0.43729	0.067371	0	0.0055997	-0.031725	0
P37840	Q8BGH2	0.00055172	0.020234	0.01473	5000	0.47137	0.43704	0.56223	0.38307	0.29875	0.29498	0.35325	0.44636	0.35868	0.3128	0.38018	0.36858	0.54621	0.4435	0.43729	0.067371	0	0.0055997	-0.031725	0
P37840	Q8BH59	0.00055172	0.020234	0.01473	5000	0.47137	0.43704	0.56223	0.38307	0.29875	0.29498	0.35325	0.44636	0.35868	0.3128	0.38018	0.36858	0.54621	0.4435	0.43729	0.067371	0	0.0055997	-0.031725	0
P37840	Q8BH80	0.00055172	0.020234	0.01473	5000	0.47137	0.43704	0.56223	0.38307	0.29875	0.29498	0.35325	0.44636	0.35868	0.3128	0.38018	0.36858	0.54621	0.4435	0.43729	0.067371	0	0.0055997	-0.031725	0
P37840	Q8BLK3	0.00055172	0.020234	0.01473	5000	0.47137	0.43704	0.56223	0.38307	0.29875	0.29498	0.35325	0.44636	0.35868	0.3128	0.38018	0.36858	0.54621	0.4435	0.43729	0.067371	0	0.0055997	-0.031725	0
P37840	Q8CAQ8	0.00055172	0.020234	0.01473	5000	0.47137	0.43704	0.56223	0.38307	0.29875	0.29498	0.35325	0.44636	0.35868	0.3128	0.38018	0.36858	0.54621	0.4435	0.43729	0.067371	0	0.0055997	-0.031725	0
P37840	Q8JZU2	0.00055172	0.020234	0.01473	5000	0.47137	0.43704	0.56223	0.38307	0.29875	0.29498	0.35325	0.44636	0.35868	0.3128	0.38018	0.36858	0.54621	0.4435	0.43729	0.067371	0	0.0055997	-0.031725	0
P37840	Q8JZX9	0.00055172	0.020234	0.01473	5000	0.47137	0.43704	0.56223	0.38307	0.29875	0.29498	0.35325	0.44636	0.35868	0.3128	0.38018	0.36858	0.54621	0.4435	0.43729	0.067371	0	0.0055997	-0.031725	0
P37840	Q8N5U6	0	2	2	1078	0.031532	-0.24519	0.62788	-0.43872	0.025612	0.35785	0.41686	-0.18253	-0.086228	0.33983	0.1681	0.27048	0.22364	0.31804	0.30811	1	0	0.14931	0.59053	0
P37840	Q8NFA0	0	1	0	5000	-0.04523	0.25041	0.10835	-0.0041783	-0.16513	0.19069	-0.24717	0.52651	-0.11343	-0.10987	-0.22223	0.12671	-0.3879	-0.25078	-0.074186	0.1532	0	0.049241	0.25485	0
P37840	Q8R5C5	0.00055172	0.020234	0.01473	5000	0.47137	0.43704	0.56223	0.38307	0.29875	0.29498	0.35325	0.44636	0.35868	0.3128	0.38018	0.36858	0.54621	0.4435	0.43729	0.067371	0	0.0055997	-0.031725	0
P37840	Q8VEM8	0.00055172	0.020234	0.01473	5000	0.47137	0.43704	0.56223	0.38307	0.29875	0.29498	0.35325	0.44636	0.35868	0.3128	0.38018	0.36858	0.54621	0.4435	0.43729	0.067371	0	0.0055997	-0.031725	0
P37840	Q8VHJ5	0.00055172	0.020234	0.01473	5000	0.47137	0.43704	0.56223	0.38307	0.29875	0.29498	0.35325	0.44636	0.35868	0.3128	0.38018	0.36858	0.54621	0.4435	0.43729	0.067371	0	0.0055997	-0.031725	0
P37840	Q8WUZ0	0	0	0	5000	0.45298	0.20642	0.1142	0.1831	0.33002	0.34848	0.34665	-0.045272	0.39441	0.34434	-0.014981	0.28728	0.46705	-0.2836	0.41437	0.21033	0	0.016073	0.14143	0
P37840	Q91VD9	0.00055172	0.020234	0.01473	5000	0.47137	0.43704	0.56223	0.38307	0.29875	0.29498	0.35325	0.44636	0.35868	0.3128	0.38018	0.36858	0.54621	0.4435	0.43729	0.067371	0	0.0055997	-0.031725	0
P37840	Q91VR7	0.00055172	0.020234	0.01473	5000	0.47137	0.43704	0.56223	0.38307	0.29875	0.29498	0.35325	0.44636	0.35868	0.3128	0.38018	0.36858	0.54621	0.4435	0.43729	0.067371	0	0.0055997	-0.031725	0
P37840	Q91VZ6	0.00055172	0.020234	0.01473	5000	0.47137	0.43704	0.56223	0.38307	0.29875	0.29498	0.35325	0.44636	0.35868	0.3128	0.38018	0.36858	0.54621	0.4435	0.43729	0.067371	0	0.0055997	-0.031725	0
P37840	Q91WD5	0.00055172	0.020234	0.01473	5000	0.47137	0.43704	0.56223	0.38307	0.29875	0.29498	0.35325	0.44636	0.35868	0.3128	0.38018	0.36858	0.54621	0.4435	0.43729	0.067371	0	0.0055997	-0.031725	0
P37840	Q91WL8	0.00055172	0.020234	0.01473	5000	0.47137	0.43704	0.56223	0.38307	0.29875	0.29498	0.35325	0.44636	0.35868	0.3128	0.38018	0.36858	0.54621	0.4435	0.43729	0.067371	0	0.0055997	-0.031725	0
P37840	Q91YT0	0.00055172	0.020234	0.01473	5000	0.47137	0.43704	0.56223	0.38307	0.29875	0.29498	0.35325	0.44636	0.35868	0.3128	0.38018	0.36858	0.54621	0.4435	0.43729	0.067371	0	0.0055997	-0.031725	0
P37840	Q96A73	0	0	1	5000	0.3831	0.3765	0.52531	0.37068	-0.18556	0.1404	0.12123	0.3042	0.10047	-0.14069	0.080738	0.31657	-0.4767	0.30608	-0.20263	0.21379	0	0.036622	-0.13825	0
P37840	Q96GF2	0.0091954	0.12308	0.03375	5000	-0.043065	-0.23576	0.6013	-0.4252	-0.14424	-0.23461	0.66445	0.19392	-0.42335	-0.1495	0.34389	-0.12778	-0.4376	-0.28195	0.7781	0.58037	0	0.047315	-0.0033377	0
P37840	Q96RT6	0	0	0	5000	0.45788	0.11124	0.12363	0.23102	-0.077056	-0.046535	0.34935	0.34466	0.38992	0.33646	0.31884	0.39675	0.40709	0.21728	0.46496	0.2245	0	0.017772	0.0012507	0
P37840	Q99104	0.00055172	0.020234	0.01473	5000	0.47137	0.43704	0.56223	0.38307	0.29875	0.29498	0.35325	0.44636	0.35868	0.3128	0.38018	0.36858	0.54621	0.4435	0.43729	0.067371	0	0.0055997	-0.031725	0
P37840	Q99LC3	0.00055172	0.020234	0.01473	5000	0.47137	0.43704	0.56223	0.38307	0.29875	0.29498	0.35325	0.44636	0.35868	0.3128	0.38018	0.36858	0.54621	0.4435	0.43729	0.067371	0	0.0055997	-0.031725	0
P37840	Q99LY9	0.00055172	0.020234	0.01473	5000	0.47137	0.43704	0.56223	0.38307	0.29875	0.29498	0.35325	0.44636	0.35868	0.3128	0.38018	0.36858	0.54621	0.4435	0.43729	0.067371	0	0.0055997	-0.031725	0
P37840	Q9CPP6	0.00055172	0.020234	0.01473	5000	0.47137	0.43704	0.56223	0.38307	0.29875	0.29498	0.35325	0.44636	0.35868	0.3128	0.38018	0.36858	0.54621	0.4435	0.43729	0.067371	0	0.0055997	-0.031725	0
P37840	Q9CPQ1	0.00055172	0.020234	0.01473	5000	0.47137	0.43704	0.56223	0.38307	0.29875	0.29498	0.35325	0.44636	0.35868	0.3128	0.38018	0.36858	0.54621	0.4435	0.43729	0.067371	0	0.0055997	-0.031725	0
P37840	Q9CPQ3	0.00055172	0.020234	0.01473	5000	0.47137	0.43704	0.56223	0.38307	0.29875	0.29498	0.35325	0.44636	0.35868	0.3128	0.38018	0.36858	0.54621	0.4435	0.43729	0.067371	0	0.0055997	-0.031725	0
P37840	Q9CPU4	0.00055172	0.020234	0.01473	5000	0.47137	0.43704	0.56223	0.38307	0.29875	0.29498	0.35325	0.44636	0.35868	0.3128	0.38018	0.36858	0.54621	0.4435	0.43729	0.067371	0	0.0055997	-0.031725	0
P37840	Q9CQ54	0.00055172	0.020234	0.01473	5000	0.47137	0.43704	0.56223	0.38307	0.29875	0.29498	0.35325	0.44636	0.35868	0.3128	0.38018	0.36858	0.54621	0.4435	0.43729	0.067371	0	0.0055997	-0.031725	0
P37840	Q9CQ69	0.00055172	0.020234	0.01473	5000	0.47137	0.43704	0.56223	0.38307	0.29875	0.29498	0.35325	0.44636	0.35868	0.3128	0.38018	0.36858	0.54621	0.4435	0.43729	0.067371	0	0.0055997	-0.031725	0
P37840	Q9CQ75	0.00055172	0.020234	0.01473	5000	0.47137	0.43704	0.56223	0.38307	0.29875	0.29498	0.35325	0.44636	0.35868	0.3128	0.38018	0.36858	0.54621	0.4435	0.43729	0.067371	0	0.0055997	-0.031725	0
P37840	Q9CQB4	0.00055172	0.020234	0.01473	5000	0.47137	0.43704	0.56223	0.38307	0.29875	0.29498	0.35325	0.44636	0.35868	0.3128	0.38018	0.36858	0.54621	0.4435	0.43729	0.067371	0	0.0055997	-0.031725	0
P37840	Q9CQC7	0.00055172	0.020234	0.01473	5000	0.47137	0.43704	0.56223	0.38307	0.29875	0.29498	0.35325	0.44636	0.35868	0.3128	0.38018	0.36858	0.54621	0.4435	0.43729	0.067371	0	0.0055997	-0.031725	0
P37840	Q9CQH3	0.00055172	0.020234	0.01473	5000	0.47137	0.43704	0.56223	0.38307	0.29875	0.29498	0.35325	0.44636	0.35868	0.3128	0.38018	0.36858	0.54621	0.4435	0.43729	0.067371	0	0.0055997	-0.031725	0
P37840	Q9CQJ8	0.00055172	0.020234	0.01473	5000	0.47137	0.43704	0.56223	0.38307	0.29875	0.29498	0.35325	0.44636	0.35868	0.3128	0.38018	0.36858	0.54621	0.4435	0.43729	0.067371	0	0.0055997	-0.031725	0
P37840	Q9CQZ5	0.00055172	0.020234	0.01473	5000	0.47137	0.43704	0.56223	0.38307	0.29875	0.29498	0.35325	0.44636	0.35868	0.3128	0.38018	0.36858	0.54621	0.4435	0.43729	0.067371	0	0.0055997	-0.031725	0
P37840	Q9CQZ6	0.00055172	0.020234	0.01473	5000	0.47137	0.43704	0.56223	0.38307	0.29875	0.29498	0.35325	0.44636	0.35868	0.3128	0.38018	0.36858	0.54621	0.4435	0.43729	0.067371	0	0.0055997	-0.031725	0
P37840	Q9CR61	0.00055172	0.020234	0.01473	5000	0.47137	0.43704	0.56223	0.38307	0.29875	0.29498	0.35325	0.44636	0.35868	0.3128	0.38018	0.36858	0.54621	0.4435	0.43729	0.067371	0	0.0055997	-0.031725	0
P37840	Q9CR68	0.00055172	0.020234	0.01473	5000	0.47137	0.43704	0.56223	0.38307	0.29875	0.29498	0.35325	0.44636	0.35868	0.3128	0.38018	0.36858	0.54621	0.4435	0.43729	0.067371	0	0.0055997	-0.031725	0
P37840	Q9CRB9	0.00055172	0.020234	0.01473	5000	0.47137	0.43704	0.56223	0.38307	0.29875	0.29498	0.35325	0.44636	0.35868	0.3128	0.38018	0.36858	0.54621	0.4435	0.43729	0.067371	0	0.0055997	-0.031725	0
P37840	Q9CZ13	0.00055172	0.020234	0.01473	5000	0.47137	0.43704	0.56223	0.38307	0.29875	0.29498	0.35325	0.44636	0.35868	0.3128	0.38018	0.36858	0.54621	0.4435	0.43729	0.067371	0	0.0055997	-0.031725	0
P37840	Q9D0M3	0.00055172	0.020234	0.01473	5000	0.47137	0.43704	0.56223	0.38307	0.29875	0.29498	0.35325	0.44636	0.35868	0.3128	0.38018	0.36858	0.54621	0.4435	0.43729	0.067371	0	0.0055997	-0.031725	0
P37840	Q9D6F9	0.00055172	0.020234	0.01473	5000	0.47137	0.43704	0.56223	0.38307	0.29875	0.29498	0.35325	0.44636	0.35868	0.3128	0.38018	0.36858	0.54621	0.4435	0.43729	0.067371	0	0.0055997	-0.031725	0
P37840	Q9D6J5	0.00055172	0.020234	0.01473	5000	0.47137	0.43704	0.56223	0.38307	0.29875	0.29498	0.35325	0.44636	0.35868	0.3128	0.38018	0.36858	0.54621	0.4435	0.43729	0.067371	0	0.0055997	-0.031725	0
P37840	Q9D6J6	0.00055172	0.020234	0.01473	5000	0.47137	0.43704	0.56223	0.38307	0.29875	0.29498	0.35325	0.44636	0.35868	0.3128	0.38018	0.36858	0.54621	0.4435	0.43729	0.067371	0	0.0055997	-0.031725	0
P37840	Q9D6M3	0.00055172	0.020234	0.01473	5000	0.47137	0.43704	0.56223	0.38307	0.29875	0.29498	0.35325	0.44636	0.35868	0.3128	0.38018	0.36858	0.54621	0.4435	0.43729	0.067371	0	0.0055997	-0.031725	0
P37840	Q9D881	0.00055172	0.020234	0.01473	5000	0.47137	0.43704	0.56223	0.38307	0.29875	0.29498	0.35325	0.44636	0.35868	0.3128	0.38018	0.36858	0.54621	0.4435	0.43729	0.067371	0	0.0055997	-0.031725	0
P37840	Q9DB77	0.00055172	0.020234	0.01473	5000	0.47137	0.43704	0.56223	0.38307	0.29875	0.29498	0.35325	0.44636	0.35868	0.3128	0.38018	0.36858	0.54621	0.4435	0.43729	0.067371	0	0.0055997	-0.031725	0
P37840	Q9DC69	0.00055172	0.020234	0.01473	5000	0.47137	0.43704	0.56223	0.38307	0.29875	0.29498	0.35325	0.44636	0.35868	0.3128	0.38018	0.36858	0.54621	0.4435	0.43729	0.067371	0	0.0055997	-0.031725	0
P37840	Q9DC70	0.00055172	0.020234	0.01473	5000	0.47137	0.43704	0.56223	0.38307	0.29875	0.29498	0.35325	0.44636	0.35868	0.3128	0.38018	0.36858	0.54621	0.4435	0.43729	0.067371	0	0.0055997	-0.031725	0
P37840	Q9DCJ5	0.00055172	0.020234	0.01473	5000	0.47137	0.43704	0.56223	0.38307	0.29875	0.29498	0.35325	0.44636	0.35868	0.3128	0.38018	0.36858	0.54621	0.4435	0.43729	0.067371	0	0.0055997	-0.031725	0
P37840	Q9DCS9	0.00055172	0.020234	0.01473	5000	0.47137	0.43704	0.56223	0.38307	0.29875	0.29498	0.35325	0.44636	0.35868	0.3128	0.38018	0.36858	0.54621	0.4435	0.43729	0.067371	0	0.0055997	-0.031725	0
P37840	Q9DCT2	0.00055172	0.020234	0.01473	5000	0.47137	0.43704	0.56223	0.38307	0.29875	0.29498	0.35325	0.44636	0.35868	0.3128	0.38018	0.36858	0.54621	0.4435	0.43729	0.067371	0	0.0055997	-0.031725	0
P37840	Q9DCW5	0.00055172	0.020234	0.01473	5000	0.47137	0.43704	0.56223	0.38307	0.29875	0.29498	0.35325	0.44636	0.35868	0.3128	0.38018	0.36858	0.54621	0.4435	0.43729	0.067371	0	0.0055997	-0.031725	0
P37840	Q9DCX2	0.00055172	0.020234	0.01473	5000	0.47137	0.43704	0.56223	0.38307	0.29875	0.29498	0.35325	0.44636	0.35868	0.3128	0.38018	0.36858	0.54621	0.4435	0.43729	0.067371	0	0.0055997	-0.031725	0
P37840	Q9ERD7	0.00055172	0.020234	0.01473	5000	0.47137	0.43704	0.56223	0.38307	0.29875	0.29498	0.35325	0.44636	0.35868	0.3128	0.38018	0.36858	0.54621	0.4435	0.43729	0.067371	0	0.0055997	-0.031725	0
P37840	Q9ERS2	0.00055172	0.020234	0.01473	5000	0.47137	0.43704	0.56223	0.38307	0.29875	0.29498	0.35325	0.44636	0.35868	0.3128	0.38018	0.36858	0.54621	0.4435	0.43729	0.067371	0	0.0055997	-0.031725	0
P37840	Q9H0R8	0	1	0	5000	-0.053055	-0.34371	0.341	-0.12893	0.41493	0.085968	0.12551	-0.31084	0.45245	0.33088	-0.050733	0.12365	0.45443	0.47311	-0.03721	0.29821	0	0.08588	0.28614	0
P37840	Q9JKK7	0.00055172	0.020234	0.01473	5000	0.47137	0.43704	0.56223	0.38307	0.29875	0.29498	0.35325	0.44636	0.35868	0.3128	0.38018	0.36858	0.54621	0.4435	0.43729	0.067371	0	0.0055997	-0.031725	0
P37840	Q9MD59	0.00055172	0.020234	0.01473	5000	0.47137	0.43704	0.56223	0.38307	0.29875	0.29498	0.35325	0.44636	0.35868	0.3128	0.38018	0.36858	0.54621	0.4435	0.43729	0.067371	0	0.0055997	-0.031725	0
P37840	Q9MD68	0.00055172	0.020234	0.01473	5000	0.47137	0.43704	0.56223	0.38307	0.29875	0.29498	0.35325	0.44636	0.35868	0.3128	0.38018	0.36858	0.54621	0.4435	0.43729	0.067371	0	0.0055997	-0.031725	0
P37840	Q9MD82	0.00055172	0.020234	0.01473	5000	0.47137	0.43704	0.56223	0.38307	0.29875	0.29498	0.35325	0.44636	0.35868	0.3128	0.38018	0.36858	0.54621	0.4435	0.43729	0.067371	0	0.0055997	-0.031725	0
P37840	Q9NPF8	0	1	2	5000	0.28278	-0.26833	0.13575	0.17249	0.16287	0.077514	0.13014	-0.037279	-0.27753	0.067615	-0.20772	0.30237	0.1131	-0.0020875	-0.22522	0.48774	0	0.093274	0.32442	0
P37840	Q9NRR8	0	0	3	5000	0.35393	-0.32121	-0.05422	-0.32441	0.052157	0.030495	-0.40714	-0.35406	-0.41521	0.044036	-0.17089	0.29195	-0.219	-0.11171	-0.59817	0.15057	0	0.018662	0.31429	0
P37840	Q9NVL1	0	0.015385	0.01875	5000	0.46438	0.18775	0.068589	-0.0035078	0.3582	0.34848	0.34231	0.21483	0.39441	0.34434	0.042555	0.28728	0.46705	-0.080994	0.41437	0.21033	0	0.016073	0.15699	0
P37840	Q9QXX4	0.00055172	0.020234	0.01473	5000	0.47137	0.43704	0.56223	0.38307	0.29875	0.29498	0.35325	0.44636	0.35868	0.3128	0.38018	0.36858	0.54621	0.4435	0.43729	0.067371	0	0.0055997	-0.031725	0
P37840	Q9QYA2	0.00055172	0.020234	0.01473	5000	0.47137	0.43704	0.56223	0.38307	0.29875	0.29498	0.35325	0.44636	0.35868	0.3128	0.38018	0.36858	0.54621	0.4435	0.43729	0.067371	0	0.0055997	-0.031725	0
P37840	Q9R1R2	0.00055172	0.020234	0.01473	5000	0.47137	0.43704	0.56223	0.38307	0.29875	0.29498	0.35325	0.44636	0.35868	0.3128	0.38018	0.36858	0.54621	0.4435	0.43729	0.067371	0	0.0055997	-0.031725	0
P37840	Q9UKI2	0	0	2	5000	0.11723	0.25554	-0.074292	-0.24202	0.43831	0.20488	0.10973	0.31131	-0.23101	0.31799	-0.063003	-0.096392	0.70889	-0.12568	-0.5675	0.13983	0	0.036223	0.61649	0
P37840	Q9WV55	0.00055172	0.020234	0.01473	5000	0.47137	0.43704	0.56223	0.38307	0.29875	0.29498	0.35325	0.44636	0.35868	0.3128	0.38018	0.36858	0.54621	0.4435	0.43729	0.067371	0	0.0055997	-0.031725	0
P37840	Q9WV92	0.00055172	0.020234	0.01473	5000	0.47137	0.43704	0.56223	0.38307	0.29875	0.29498	0.35325	0.44636	0.35868	0.3128	0.38018	0.36858	0.54621	0.4435	0.43729	0.067371	0	0.0055997	-0.031725	0
P39962	P37840	0.00055172	0.020234	0.01473	5000	0.47137	0.43704	0.56223	0.38307	0.29875	0.29498	0.35325	0.44636	0.35868	0.3128	0.38018	0.36858	0.54621	0.4435	0.43729	0.067371	0	0.0055997	-0.031725	0
P39986	P37840	0.00055172	0.020234	0.01473	5000	0.47137	0.43704	0.56223	0.38307	0.29875	0.29498	0.35325	0.44636	0.35868	0.3128	0.38018	0.36858	0.54621	0.4435	0.43729	0.067371	0	0.0055997	-0.031725	0
P42225	P37840	0.00055172	0.020234	0.01473	5000	0.47137	0.43704	0.56223	0.38307	0.29875	0.29498	0.35325	0.44636	0.35868	0.3128	0.38018	0.36858	0.54621	0.4435	0.43729	0.067371	0	0.0055997	-0.031725	0
P43250	P37840	0	0	0	5000	0.080511	0.29544	0.1019	-0.092181	-0.22188	-0.0098646	0.3883	0.29245	-0.03288	0.32896	-0.01799	-0.1021	0.090317	0.22444	-0.63057	1	1	0.060525	0.59013	1
P45983	P37840	0	1	2	5000	0.078866	-0.07567	0.15362	0.15665	-0.10938	0.14529	-0.043143	0.23768	-0.2937	-0.14175	0.024216	-0.0071961	-0.68998	0.12617	0.17654	1	0	0.14608	0.29083	0
P48730	P37840	0	1	4	5000	-0.09957	0.46528	0.10282	-0.35583	-0.14157	0.13474	-0.016743	-0.40307	-0.18587	0.29107	0.10245	0.16347	-0.12801	-0.31543	-0.13903	1	0	0.15278	0.36866	1
P63085	P37840	0.00055172	0.020234	0.01473	5000	0.47137	0.43704	0.56223	0.38307	0.29875	0.29498	0.35325	0.44636	0.35868	0.3128	0.38018	0.36858	0.54621	0.4435	0.43729	0.067371	0	0.0055997	-0.031725	0
P84996	P37840	0	0	1	5000	0.18321	0.61112	0.29524	0.020407	0.39993	0.17882	-0.044752	-0.10664	0.04994	-0.0031264	-0.021278	-0.19094	-0.17336	-0.16081	0.34486	0.27735	0	0.10122	0.34653	0
Q01477	P37840	0.00055172	0.020234	0.01473	5000	0.47137	0.43704	0.56223	0.38307	0.29875	0.29498	0.35325	0.44636	0.35868	0.3128	0.38018	0.36858	0.54621	0.4435	0.43729	0.067371	0	0.0055997	-0.031725	0
Q02156	P37840	0	0	6	5000	0.14754	-0.21627	0.13792	-0.18688	-0.10397	-0.18495	-0.16614	-0.038642	0.48846	-0.10258	0.4067	0.02063	0.21717	0.29526	-0.22265	1	0	0.10299	0.90341	1
Q07699	P37840	0	0	0	5000	0.1543	0.38726	0.24363	0.39204	-0.040362	0.20749	0.13737	0.45586	0.49488	0.35253	0.25601	0.0084544	0.45068	0.055325	-0.0811	0.20726	0	0.027447	0.12052	0
Q08109	P37840	0.00055172	0.020234	0.01473	5000	0.47137	0.43704	0.56223	0.38307	0.29875	0.29498	0.35325	0.44636	0.35868	0.3128	0.38018	0.36858	0.54621	0.4435	0.43729	0.067371	0	0.0055997	-0.031725	0
Q12697	P37840	0.00055172	0.020234	0.01473	5000	0.47137	0.43704	0.56223	0.38307	0.29875	0.29498	0.35325	0.44636	0.35868	0.3128	0.38018	0.36858	0.54621	0.4435	0.43729	0.067371	0	0.0055997	-0.031725	0
Q13393	P37840	0	0	1	5000	0.0091105	0.5462	0.10048	0.098175	-0.033416	0.17528	0.24913	0.033443	0.12033	0.12646	0.72078	-0.055937	0.017352	-0.015379	-0.27195	0	0	0.022588	0.29191	1
Q13424	P37840	0	1	2	5000	0.081202	0.24874	0.18866	0.066051	-0.21741	0.33233	-0.14635	0.29486	0.37048	0.046184	-0.48572	-0.12418	0.23627	-0.26519	-0.2446	0.40878	0	0.0966	0.61871	0
Q13501	P37840	1	3	1	5000	0.073089	-0.22081	0.092957	0.2571	-0.1492	0.039779	0.2317	-0.21673	-0.1334	-0.011034	-0.40015	0.19813	0.19478	-0.058629	-0.015258	0.22536	0	0.0966	0.36103	1
Q14289	P37840	1	1	7	5000	0.066336	0.29461	0.34564	0.18102	0.015205	0.27084	0.054761	0.10982	0.25203	0.29382	0.028014	0.020888	-0.3879	0.23521	-0.29495	1	0	0.12148	0.55647	1
Q14568	P37840	0	0	1	5000	0.36615	0.36677	0.53671	0.42647	0.36483	0.36399	0.3428	0.44954	0.43702	0.34917	0.34096	0.33875	0.399	0.43723	0.47567	0.14694	0	0.018072	0.1085	0
Q15011	P37840	0	0	0	5000	-0.052337	-0.042291	-0.10122	-0.30268	0.29957	0.048023	0.085004	-0.30429	-0.36849	0.29272	-0.14909	0.27814	-0.1838	0.14021	-0.15813	0	0	0.021074	0.1112	0
Q15019	P37840	0	1	6	5000	-0.005241	0.047735	0.1503	0.21222	0.10487	0.042803	0.0050714	-0.33896	0.12153	-0.1065	-0.085017	-0.14719	0.18368	-0.1928	-0.012189	0.40925	0	0.095803	0.67187	0
Q15835	P37840	1	0	0	5000	0.10606	-0.0056172	0.1301	-0.13269	-0.073754	0.11405	0.30349	0.098409	0.40579	0.31176	0.37115	0.11084	0.38913	0.013896	0.4693	1	0	0.032725	0.30814	0
Q16143	P37840	1	1	4	8e-47	0.087913	0.19999	0.33959	0.27098	0.092721	0.10561	0.2083	0.29633	0.49539	0.38815	-0.12798	-0.017671	0.52377	0.23409	-0.035676	1	0	0.085253	0.68099	1
Q53XS4	P37840	0.0078161	0.033846	0.05825	5000	0.0026391	0.28153	-0.11871	0.31706	0.36047	0.32236	0.078284	-0.13722	-0.61807	0.31117	-0.13539	-0.11058	0.38886	0.23605	-0.31589	0.20623	0	0.088622	0.20091	0
Q553U6	P37840	0.00055172	0.020234	0.01473	5000	0.47137	0.43704	0.56223	0.38307	0.29875	0.29498	0.35325	0.44636	0.35868	0.3128	0.38018	0.36858	0.54621	0.4435	0.43729	0.067371	0	0.0055997	-0.031725	0
Q5JS54	P37840	0.00091954	0.022656	0.00846	5000	0.40141	0.36948	0.66266	0.45772	0.074055	-0.01937	0.12728	0.35025	-0.035085	-0.067579	0.58366	0.4119	-0.45653	0.38048	0.50561	0.20669	0	0.020599	-0.25725	0
Q5NF60	P37840	0.00055172	0.020234	0.01473	5000	0.47137	0.43704	0.56223	0.38307	0.29875	0.29498	0.35325	0.44636	0.35868	0.3128	0.38018	0.36858	0.54621	0.4435	0.43729	0.067371	0	0.0055997	-0.031725	0
Q6R891	P37840	0.00055172	0.020234	0.01473	5000	0.47137	0.43704	0.56223	0.38307	0.29875	0.29498	0.35325	0.44636	0.35868	0.3128	0.38018	0.36858	0.54621	0.4435	0.43729	0.067371	0	0.0055997	-0.031725	0
Q6UXD7	P37840	0	0	0	5000	-0.015931	0.53294	0.12193	0.33028	0.36413	0.30734	0.20093	0.39172	-0.26778	0.33575	0.11147	0.014165	0.48272	0.21818	-0.3054	0.13074	0	0.03953	0.13968	0
Q6ZVU3	P37840	0.00055172	0.020234	0.01473	5000	0.47137	0.43704	0.56223	0.38307	0.29875	0.29498	0.35325	0.44636	0.35868	0.3128	0.38018	0.36858	0.54621	0.4435	0.43729	0.067371	0	0.0055997	-0.031725	0
Q71U36	P37840	0	0	1	5000	-0.00062762	-0.52442	0.21903	0.10746	0.18637	0.10902	-0.0040437	-0.0023981	0.65705	0.2969	0.36231	-0.10971	-0.08483	0.30274	-0.19783	0	0	0.022094	0.59085	1
Q81QG0	P37840	0.00055172	0.020234	0.01473	5000	0.47137	0.43704	0.56223	0.38307	0.29875	0.29498	0.35325	0.44636	0.35868	0.3128	0.38018	0.36858	0.54621	0.4435	0.43729	0.067371	0	0.0055997	-0.031725	0
Q8D1F5	P37840	0.00055172	0.020234	0.01473	5000	0.47137	0.43704	0.56223	0.38307	0.29875	0.29498	0.35325	0.44636	0.35868	0.3128	0.38018	0.36858	0.54621	0.4435	0.43729	0.067371	0	0.0055997	-0.031725	0
Q8N6E6	P37840	0.0059145	0.0090338	0.020718	5000	0.33278	0.39124	0.16072	-0.1334	0.16938	-0.10486	0.090544	0.068225	-0.087914	0.29317	0.38859	0.36044	-0.26162	-0.073938	0.54698	0.24988	0	0.026124	-0.093289	0
Q92876	P37840	0	1	3	5000	0.07358	0.17855	0.2088	0.41973	0.51016	0.14663	0.22465	0.1058	0.63731	0.2965	-0.020476	0.031588	-0.094294	-0.012545	-0.34677	0	0	0.04323	0.6353	1
Q93086	P37840	0	0	0	5000	-0.057744	0.012371	-0.093502	-0.44614	0.049486	0.13458	-0.006749	0.37825	0.010982	0.31366	-0.035409	-0.10667	0.015208	0.078071	0.40533	0.08212	0	0.023913	0.2452	0
Q96BQ3	P37840	0	1	0	5000	0.39949	0.34288	0.51322	-0.14233	0.28219	0.32946	0.37118	0.37227	0.41977	0.3208	0.36067	0.37308	0.42702	0.43405	0.55245	0.44945	0	0.027777	0.16831	0
Q96CU9	P37840	0	1	1	5000	0.29507	0.4108	0.54813	0.14321	-0.11833	0.24426	0.21122	0.37011	0.52431	0.18654	-0.027359	0.37433	0.49611	0.38728	-0.20677	0.36166	0	0.067272	0.26644	0
Q99497	P37840	3	1	5	5000	-0.073185	-0.53367	0.19712	-0.27317	0.077004	0.23392	-0.01764	0.11508	-0.038284	-0.13982	-0.22481	-0.10977	0.13398	-0.26125	-0.016695	1	0	0.11117	0.78174	0
Q9BXS0	P37840	0	0	0	5000	0.39592	0.29048	0.36791	0.09523	0.07501	-0.17133	0.31056	0.40374	0.36787	0.15107	0.38035	0.4209	0.4601	0.34843	0.39154	0	0	0.023884	0.0083773	1
Q9H1R6	P37840	2	0	1	5000	0.83786	1	1	1	1	1	1	1	1	0.94413	0.99981	1	1	1	1	1	0	0.089905	0.42042	0
Q9NQ40	P37840	0	0	0	5000	0.37728	0.32326	0.53358	0.21202	-0.097918	-0.12538	0.33506	0.3014	0.42041	0.29361	0.052609	0.38573	0.35278	0.23936	0.34254	0.31868	0	0.031059	-0.071436	0
Q9UBI1	P37840	0	1	0	5000	0.3587	-0.2101	0.33321	0.29995	-0.072998	0.083362	-0.093323	-0.11875	-0.30888	0.29327	0.11747	0.32619	-0.13246	-0.017319	0.43133	0.14186	0	0.019246	0.035332	0
Q9UBZ9	P37840	0	2	0	5000	0.35473	-0.15786	0.14288	-0.25192	0.15921	-0.29275	-0.12002	0.007194	-0.15936	-0.10385	0.48894	0.34592	0.23781	0.031079	0.19429	0.19573	0	0.02779	0.28236	0
Q9UJW9	P37840	0	1	1	5000	0.37864	-0.21951	0.048278	-0.02793	-0.33212	0.13198	0.21805	0.07691	0.37421	0.307	-0.47109	0.38952	0.36285	0.36002	0.41489	0.17463	0	0.022843	0.33001	0
Q9UQF2	P37840	1	2	5	5000	0.078844	0.22728	0.28992	-0.058745	0.062626	0.23186	-0.079043	0.13581	0.54691	0.33339	-0.43524	0.077614	0.45226	-0.047351	-0.28794	1	0	0.13799	0.87096	1
Q9Y6H5	P37840	0	1	2	5000	0.28311	-0.20131	0.050008	0.39786	0.4914	0.022568	0.14333	0.4158	0.29815	0.11263	-0.2038	0.45634	0.39234	0.36248	-0.19607	0	0	0.041152	0.59464	1
Q9ZGW8	P37840	0.00055172	0.020234	0.01473	5000	0.47137	0.43704	0.56223	0.38307	0.29875	0.29498	0.35325	0.44636	0.35868	0.3128	0.38018	0.36858	0.54621	0.4435	0.43729	0.067371	0	0.0055997	-0.031725	0
