uniprot_id1	uniprot_id2	go_function	go_component	go_process	sequence_similarity	coexpression1	coexpression2	coexpression3	coexpression4	coexpression5	coexpression6	coexpression7	coexpression8	coexpression9	coexpression10	coexpression11	coexpression12	coexpression13	coexpression14	coexpression15	localization	homology_yeast	domain_domain_interaction	score	hprd_flag
B9A6K1	Q5S007	0.04046	0.11385	0.07375	115	0.27733	0.30311	0.46283	0.22408	0.23892	0.30299	0.19216	0.26043	0.33136	0.30227	-0.22953	0.22985	0.11496	0.41586	-0.13565	0.59794	0	0.11505	0.01729	0
O75161	Q5S007	0	1	0	5000	0.25752	0.29723	0.55037	-0.36058	0.37269	0.29857	-0.12171	0.30039	0.22302	0.27787	-0.18004	0.31495	0.016321	0.32795	-0.072995	0.2816	0	0.11046	0.28209	0
P07196	Q5S007	0	1	0	5000	0.30665	0.35454	0.51002	-0.17605	0.36922	0.35754	-0.02984	0.29441	0.12497	0.30071	-0.029003	0.26863	-0.45198	0.39205	0.10861	0.44454	0	0.10732	0.14227	0
P07902	Q5S007	0	0	0	5000	0.17604	0.23787	0.498	0.059931	0.38194	0.31247	0.065514	0.21873	0.16395	0.11946	0.029557	0.37624	-0.63958	0.38143	0.02154	0.54073	0	0.085901	-0.04714	0
P18124	Q5S007	0	1	0	5000	0.36198	0.41195	0.44187	-0.46861	0.31354	0.31972	0.36198	0.5268	0.42987	-0.088204	-0.032147	0.44534	0.46359	0.51465	0.48509	0.1805	0	0.028251	0.38437	0
P25008	Q5S007	0.00055172	0.020234	0.01473	977	0.47137	0.43704	0.56223	0.38307	0.29875	0.29498	0.35325	0.44636	0.35868	0.3128	0.38018	0.36858	0.54621	0.4435	0.43729	0.067371	0	0.0055997	-0.0657	0
P26012	Q5S007	0	0	1	5000	0.23523	0.29699	0.48424	-0.12179	0.3005	0.34186	-0.18056	0.22727	-0.2651	-0.02458	0.029557	0.31277	0.2456	0.40598	0.13291	0.3666	0	0.10645	0.29068	0
P29311	Q5S007	0.00055172	0.020234	0.01473	5000	0.47137	0.43704	0.56223	0.38307	0.29875	0.29498	0.35325	0.44636	0.35868	0.3128	0.38018	0.36858	0.54621	0.4435	0.43729	0.067371	0	0.0055997	-0.031725	0
P32004	Q5S007	0	0	1	5000	0.2952	0.36917	0.50611	0.076381	0.34177	0.29615	-0.03642	0.20248	0.26683	0.29551	0.0061703	0.42056	-0.41355	0.4187	0.34464	0.36304	0	0.039433	0.091461	0
Q02086	Q5S007	0	0	0	5000	0.20705	0.2463	0.4636	0.1058	0.41628	0.33543	0.0072146	0.13327	-0.026321	-0.14376	0.18792	0.38693	-0.67321	0.40592	0.23652	0.46016	0	0.078456	-0.00019973	0
Q4ZIN3	Q5S007	0	0	1	5000	0.4155	0.49264	0.56776	-0.29499	0.35159	0.30012	0.33263	0.54241	0.59271	-0.14112	0.43972	0.37504	-0.51641	0.53665	0.39123	0.084861	0	0.0272	0.23398	0
Q59EY7	Q5S007	0.00055172	0.020234	0.01473	5000	0.47137	0.43704	0.56223	0.38307	0.29875	0.29498	0.35325	0.44636	0.35868	0.3128	0.38018	0.36858	0.54621	0.4435	0.43729	0.067371	0	0.0055997	-0.031725	0
Q5S007	A8K513	0	0.015385	0.03125	5000	0.36992	0.34557	0.47186	-0.17481	0.39732	0.36476	-0.16895	0.34331	-0.11915	0.33097	0.12833	0.38943	0.52935	0.37909	-0.073905	0.1803	0	0.027688	0.26033	0
Q5S007	E2GH25	0.00055172	0.020234	0.01473	5000	0.47137	0.43704	0.56223	0.38307	0.29875	0.29498	0.35325	0.44636	0.35868	0.3128	0.38018	0.36858	0.54621	0.4435	0.43729	0.067371	0	0.0055997	-0.031725	0
Q5S007	O95197	0	0	0	5000	0.25429	0.35826	0.4805	0.028253	0.26295	0.2284	0.20319	0.11851	-0.038335	-0.0099418	0.18409	0.25453	0.30445	0.34392	0.1863	0.26945	0	0.041602	0.083252	0
Q5S007	P04187	0.00055172	0.020234	0.01473	5000	0.47137	0.43704	0.56223	0.38307	0.29875	0.29498	0.35325	0.44636	0.35868	0.3128	0.38018	0.36858	0.54621	0.4435	0.43729	0.067371	0	0.0055997	-0.031725	0
Q5S007	P17361	0.00055172	0.020234	0.01473	5000	0.47137	0.43704	0.56223	0.38307	0.29875	0.29498	0.35325	0.44636	0.35868	0.3128	0.38018	0.36858	0.54621	0.4435	0.43729	0.067371	0	0.0055997	-0.031725	0
Q5S007	P31151	0	1	1	5000	0.3456	0.3606	0.51568	-0.29307	0.32112	0.28611	-0.20196	0.26672	-0.19094	0.27506	-0.11227	0.31515	0.30971	0.36406	-0.26552	0.27278	0	0.061336	0.37216	0
Q5S007	P34998	0	1	3	5000	0.25752	0.32269	0.4938	-0.23225	0.3181	0.34367	-0.013878	0.29239	0.25195	0.29116	-0.037234	0.21278	-0.48056	0.41063	-0.22001	0.65554	0	0.12365	0.34778	0
Q5S007	P35963	0.00055172	0.020234	0.01473	5000	0.47137	0.43704	0.56223	0.38307	0.29875	0.29498	0.35325	0.44636	0.35868	0.3128	0.38018	0.36858	0.54621	0.4435	0.43729	0.067371	0	0.0055997	-0.031725	0
Q5S007	P48357	0	1	1	5000	0.36382	0.41759	0.55155	0.45723	0.32186	0.35378	0.043342	0.36233	0.11295	0.067393	-0.38504	0.26892	0.13905	0.40245	-0.28269	0.36585	0	0.061971	0.27648	0
Q5S007	P48594	0	0	1	5000	0.3499	0.38268	0.56001	-0.14271	0.35393	0.32673	0.052632	0.30508	0.098448	0.30113	0.35367	0.37202	0.39992	0.48402	0.62106	0.2946	0	0.039122	0.30135	0
Q5S007	P97474	0.00055172	0.020234	0.01473	5000	0.47137	0.43704	0.56223	0.38307	0.29875	0.29498	0.35325	0.44636	0.35868	0.3128	0.38018	0.36858	0.54621	0.4435	0.43729	0.067371	0	0.0055997	-0.031725	0
Q5S007	Q5NGM1	0.00055172	0.020234	0.01473	5000	0.47137	0.43704	0.56223	0.38307	0.29875	0.29498	0.35325	0.44636	0.35868	0.3128	0.38018	0.36858	0.54621	0.4435	0.43729	0.067371	0	0.0055997	-0.031725	0
Q5S007	Q5T4W7	0	0	0	5000	0.30888	0.35244	0.49521	-0.08308	0.22839	0.22162	0.091032	0.2627	0.21231	0.29014	-0.39707	0.37872	0.39992	0.34096	0.020108	0.13915	0	0.014614	0.1294	0
Q5S007	Q6XYD2	0	0	0	5000	0.26577	0.47823	0.55928	0.4312	0.41201	0.38808	0.37428	0.4443	0.51697	0.40478	0.39034	0.38049	0.3826	0.46858	0.45595	0.21478	0	0.003394	0.075338	0
Q5S007	Q72499	0.00055172	0.020234	0.01473	5000	0.47137	0.43704	0.56223	0.38307	0.29875	0.29498	0.35325	0.44636	0.35868	0.3128	0.38018	0.36858	0.54621	0.4435	0.43729	0.067371	0	0.0055997	-0.031725	0
Q5S007	Q7CIQ1	0.00055172	0.020234	0.01473	5000	0.47137	0.43704	0.56223	0.38307	0.29875	0.29498	0.35325	0.44636	0.35868	0.3128	0.38018	0.36858	0.54621	0.4435	0.43729	0.067371	0	0.0055997	-0.031725	0
Q5S007	Q7Z3E4	0	0	0	5000	0.26577	0.47823	0.55928	0.4312	0.41201	0.38808	0.37428	0.4443	0.51697	0.40478	0.39034	0.38049	0.3826	0.46858	0.45595	0.21478	0	0.003394	0.075338	0
Q5S007	Q81WB2	0.00055172	0.020234	0.01473	5000	0.47137	0.43704	0.56223	0.38307	0.29875	0.29498	0.35325	0.44636	0.35868	0.3128	0.38018	0.36858	0.54621	0.4435	0.43729	0.067371	0	0.0055997	-0.031725	0
Q5S007	Q81WY3	0.00055172	0.020234	0.01473	1200	0.47137	0.43704	0.56223	0.38307	0.29875	0.29498	0.35325	0.44636	0.35868	0.3128	0.38018	0.36858	0.54621	0.4435	0.43729	0.067371	0	0.0055997	-0.063817	0
Q5S007	Q81Z98	0.00055172	0.020234	0.01473	5000	0.47137	0.43704	0.56223	0.38307	0.29875	0.29498	0.35325	0.44636	0.35868	0.3128	0.38018	0.36858	0.54621	0.4435	0.43729	0.067371	0	0.0055997	-0.031725	0
Q5S007	Q86YP4	0	1	0	5000	0.25742	0.30204	0.55571	-0.20299	0.43971	0.34214	-0.3123	0.20999	0.17462	-0.088578	0.28316	0.39415	-0.24058	0.36367	0.1424	0.53722	0	0.097909	0.2598	0
Q5S007	Q8CLE4	0.00055172	0.020234	0.01473	5000	0.47137	0.43704	0.56223	0.38307	0.29875	0.29498	0.35325	0.44636	0.35868	0.3128	0.38018	0.36858	0.54621	0.4435	0.43729	0.067371	0	0.0055997	-0.031725	0
Q5S007	Q8D0K7	0.00055172	0.020234	0.01473	5000	0.47137	0.43704	0.56223	0.38307	0.29875	0.29498	0.35325	0.44636	0.35868	0.3128	0.38018	0.36858	0.54621	0.4435	0.43729	0.067371	0	0.0055997	-0.031725	0
Q5S007	Q8NCE0	0	0	1	5000	0.28095	0.40785	0.52634	0.086408	0.27561	0.21504	0.078699	0.1505	0.22535	0.027182	0.064108	0.27226	0.36202	0.35041	-0.11212	0.18775	0	0.036798	0.10809	0
Q5S007	Q96BS2	0	1	2	5000	0.30665	0.35454	0.51002	-0.15998	0.36922	0.38244	0.049429	0.30434	0.02591	-0.09445	-0.14573	0.2362	-0.57378	0.39831	-0.00086647	0.55154	0	0.12176	0.32732	0
Q5S007	Q9BRR6	0	0	0	5000	0.49855	0.48279	0.65281	-0.054382	0.347	0.25882	0.39078	0.51463	0.4165	-0.018188	0.42471	0.36959	0.32439	0.5023	0.44123	0.13888	0	0.027774	0.024371	0
Q5S007	Q9H2W1	0	0	0	5000	0.44509	0.41344	0.58356	0.46184	0.36413	0.24503	0.60036	0.43886	0.47559	-0.15611	0.1281	0.37839	0.13941	0.50975	0.64603	0.12391	0	0.015107	-0.071948	0
Q5S007	Q9UI14	0	1	2	5000	0.26361	0.30901	0.43024	0.23986	0.32789	0.3207	0.14398	0.29003	0.30267	0.28872	0.25596	0.22402	-0.36027	0.37875	-0.098372	0.54854	0	0.094286	0.12326	0
Q5S007	Q9WV93	0.00055172	0.020234	0.01473	5000	0.47137	0.43704	0.56223	0.38307	0.29875	0.29498	0.35325	0.44636	0.35868	0.3128	0.38018	0.36858	0.54621	0.4435	0.43729	0.067371	0	0.0055997	-0.031725	0
Q5S007	Q9Y3U8	0	0	0	5000	0.22132	0.33316	0.45133	0.03849	0.25732	0.25612	-0.16285	0.30314	0.30762	-0.15109	-0.22078	0.44825	-0.35443	0.36778	0.20032	0.19725	0	0.041139	0.19193	0
Q67FY2	Q5S007	0.00055172	0.020234	0.01473	5000	0.47137	0.43704	0.56223	0.38307	0.29875	0.29498	0.35325	0.44636	0.35868	0.3128	0.38018	0.36858	0.54621	0.4435	0.43729	0.067371	0	0.0055997	-0.031725	0
Q78DX7	Q5S007	0.012914	0.023572	0.006552	3e-14	0.45164	0.47661	0.50868	0.42856	0.42383	0.34721	0.34511	0.4189	0.4988	0.31685	0.39134	0.46284	0.42885	0.37806	0.52147	0.13011	0	0.02541	-0.05602	0
Q8BMB3	Q5S007	0.00055172	0.020234	0.01473	5000	0.47137	0.43704	0.56223	0.38307	0.29875	0.29498	0.35325	0.44636	0.35868	0.3128	0.38018	0.36858	0.54621	0.4435	0.43729	0.067371	0	0.0055997	-0.031725	0
Q8D0A3	Q5S007	0.00055172	0.020234	0.01473	5000	0.47137	0.43704	0.56223	0.38307	0.29875	0.29498	0.35325	0.44636	0.35868	0.3128	0.38018	0.36858	0.54621	0.4435	0.43729	0.067371	0	0.0055997	-0.031725	0
Q8TC57	Q5S007	0	0	0	5000	0.49855	0.49067	0.6556	0.035585	0.30498	0.24442	0.46173	0.53696	0.45016	-0.11729	0.40629	0.36972	0.24817	0.51185	0.48764	0.096505	0	0.021677	-0.015227	0
Q8WYK2	Q5S007	0	0	0	5000	0.34982	0.38475	0.57954	-0.33931	0.34221	0.31917	0.24913	0.39198	0.74005	-0.050315	0.019703	0.41871	-0.21457	0.3902	0.45279	0.35329	0	0.044377	0.25966	0
Q969K3	Q5S007	0	0	0	5000	0.19227	0.26392	0.43768	-0.022639	0.35067	0.35904	-0.07929	0.25167	0.10007	-0.014543	-0.45683	0.27421	-0.17283	0.35411	-0.031178	0.3666	0	0.10645	0.17753	0
Q96Q15	Q5S007	2	4	1	254	0.39549	0.41373	0.59471	-0.25452	0.33875	0.3175	-0.21861	0.37592	-0.29685	0.56982	0.019245	0.37539	0.55949	0.44305	-0.069672	0.35264	0	0.026156	0.54415	0
Q9H4K7	Q5S007	0	2	1	5000	0.30462	0.28455	0.50299	-0.19303	0.31341	0.35176	0.091415	0.40028	0.18579	0.001947	0.13374	0.29129	-0.38959	0.34027	0.30527	0.2656	0	0.11236	0.33412	0
Q9UGM6	Q5S007	0	1	0	363	0.28026	0.33209	0.48395	0.019212	0.3181	0.34367	-0.19474	0.3069	0.23034	0.085022	0.14396	0.31252	-0.093027	0.38905	-0.028332	0.4048	0	0.11058	0.08276	0
Q9UHB6	Q5S007	0	0	2	5000	0.27153	0.369	0.49177	0.55976	0.36648	0.34536	0.31316	0.60588	0.073525	0.10132	-0.027159	0.37655	0.083482	0.41374	0.17069	0.63552	0	0.051914	0.17511	0
Q9WTP2	Q5S007	0.00055172	0.020234	0.01473	5000	0.47137	0.43704	0.56223	0.38307	0.29875	0.29498	0.35325	0.44636	0.35868	0.3128	0.38018	0.36858	0.54621	0.4435	0.43729	0.067371	0	0.0055997	-0.031725	0
