uniprot_id1	uniprot_id2	go_function	go_component	go_process	sequence_similarity	coexpression1	coexpression2	coexpression3	coexpression4	coexpression5	coexpression6	coexpression7	coexpression8	coexpression9	coexpression10	coexpression11	coexpression12	coexpression13	coexpression14	coexpression15	localization	homology_yeast	domain_domain_interaction	score	hprd_flag
A2AHH4	P10636	0.00055172	0.020234	0.01473	1714	0.47137	0.43704	0.56223	0.38307	0.29875	0.29498	0.35325	0.44636	0.35868	0.3128	0.38018	0.36858	0.54621	0.4435	0.43729	0.067371	0	0.0055997	-0.059476	0
B0LPE5	P10636	0.00045977	0.033846	0.01625	5000	-0.033211	-0.23158	0.34149	-0.28351	-0.10097	-0.018958	-0.15117	-0.037621	0.19388	0.28761	-0.24531	-0.013445	0.68513	-0.090462	0.34399	0.23016	0	0.032128	0.08991	0
O00507	P10636	0	0	0	5000	-0.077315	-0.251	0.37226	-0.060098	0.098607	0.071842	-0.17788	-0.18787	-0.0066394	0.083032	-0.24119	-0.097834	-0.42306	-0.15997	-0.23032	0.20909	0	0	0.051998	1
O15294	P10636	1	1	2	5000	-0.060206	-0.24337	0.42936	-0.093278	0.39607	0.29815	-0.28309	-0.19255	-0.44635	0.30095	0.37175	-0.11237	-0.6723	-0.086662	-0.23558	1	0	0.1137	0.45864	1
O43687	P10636	0	0	1	5000	0.34021	0.1847	0.46616	0.32997	-0.16722	-0.044228	0.31957	0.064178	0.29303	0.2836	-0.15164	0.28984	0.3896	0.18612	0.14395	0.1603	0	0	0.063531	0
O60391	P10636	0	0	0	5000	0.38382	0.46544	0.59273	0.36488	0.31518	0.24044	0.29696	0.45368	0.47649	0.10799	0.44738	0.36729	0.50896	0.51969	0.46552	0.13616	0	0.035006	0.040194	0
O95793	P10636	0	1	1	1543	-0.31342	-0.076387	0.5472	-0.35121	0.19088	-0.21376	0.25456	0.50318	0.069134	0.33557	-0.3468	-0.093341	-0.049879	-0.3327	0.37268	1	0	0	0.53583	0
P02649	P10636	0	2	2	5000	-0.0097644	0.1489	0.30042	0.076598	-0.18317	0.061939	0.35011	0.38228	-0.026153	0.30445	0.062793	0.36778	-0.39847	-0.10045	0.2978	0.2868	0	0	0.36481	1
P02776	P10636	0	0	0	5000	0.10699	-0.031697	-0.039597	0.087469	-0.083531	-0.1475	0.018068	0.13913	0.19898	0.30065	-0.097576	0.19375	0.47672	0.35977	0.10943	0.12036	0	0.015953	0.091268	0
P04271	P10636	0	1	0	5000	0.23889	-0.0024578	0.35649	0.19767	-0.10943	0.014625	0.036469	-0.054757	0.74048	0.3047	-0.11036	0.045074	0.39915	0.05607	-0.33687	0.12353	0	0.018752	0.34841	1
P04591	P10636	0.00055172	0.020234	0.01473	5000	0.47137	0.43704	0.56223	0.38307	0.29875	0.29498	0.35325	0.44636	0.35868	0.3128	0.38018	0.36858	0.54621	0.4435	0.43729	0.067371	0	0.0055997	-0.031725	0
P07437	P10636	0	1	2	5000	0.059304	-0.17933	0.29894	-0.43444	0.42278	0.3562	-0.10337	-0.47604	-0.11363	0.3041	0.39582	0.019997	-0.35134	-0.099945	0.16845	0.4171	0	0	0.67804	1
P07527	P10636	0.00055172	0.020234	0.01473	5000	0.47137	0.43704	0.56223	0.38307	0.29875	0.29498	0.35325	0.44636	0.35868	0.3128	0.38018	0.36858	0.54621	0.4435	0.43729	0.067371	0	0.0055997	-0.031725	0
P0CG48	P10636	1	1	2	5000	0.3336	0.17979	0.48984	0.0038495	-0.058003	-0.031775	0.28155	0.07234	0.37876	-0.096895	0.34309	0.26169	0.39439	0.15902	0.34286	0.43376	0	0.07397	0.25355	0
P10636	A8MTW5	0	0	0	5000	-0.20078	-0.20428	0.52436	-0.2302	0.036733	0.21661	-0.33874	0.054361	0.26571	0.29678	-0.20189	-0.054592	0.04304	-0.31745	-0.016611	0.28821	0	0.072293	0.25315	0
P10636	A8MYD4	0	0	0	5000	0.17585	0.16362	0.24124	0.39305	-0.048726	0.10751	0.20345	0.025601	-0.13635	0.31072	0.37514	0.20569	-0.21609	0.22642	0.22898	0.11508	0	0.0081583	-0.040603	0
P10636	B4DJ51	0.010575	0.036923	0.0425	5000	-0.09685	-0.12759	0.8899	-0.041486	0.21282	0.33094	0.28031	0.10487	0.80407	-0.065043	0.31139	0.15682	0.19436	0.037942	-0.231	0.47658	0	0.016657	0.41127	1
P10636	D0PNI1	0	0.030769	0.03	5000	0.08311	-0.35009	0.79992	-0.35623	-0.13842	-0.053815	-0.20444	-0.14821	-0.087758	0.29057	0.08247	-0.0045906	-0.68684	-0.32016	0.10258	0.27929	0	0	0.13557	1
P10636	O15428	0	0	0	5000	0.45221	0.39131	0.59069	0.39879	0.31965	0.3107	0.44375	0.3986	0.45475	0.33415	0.4654	0.36098	0.51583	0.51104	0.48257	1	0	0.044378	-0.022039	0
P10636	O15551	0	0	0	5000	0.057231	0.15691	-0.06182	0.026116	0.12203	-0.089963	0.28627	-0.52146	-0.097128	0.31959	-0.06844	-0.030991	-0.7705	-0.12867	0.28956	0.069028	0	0.020047	0.066209	0
P10636	O60303	0	0	1	5000	0.10168	0.18881	0.41089	0.14117	0.34186	0.25405	0.31768	-0.17166	0.41545	0.3209	-0.11971	0.1493	0.60811	0.069211	0.44075	0.24844	0	0.027461	0.27499	0
P10636	P05067	0	1	3	5000	-0.18984	0.12147	0.75678	0.6356	-0.008968	-0.002384	-0.12406	-0.16205	0.21893	0.29743	-0.11681	-0.037392	-0.31233	-0.16843	0.56093	0	0	0.027196	0.63854	0
P10636	P06241	0	1	2	5000	-0.15131	0.14927	0.69844	-0.19554	0.26281	0.279	0.17556	0.3063	0.32681	0.27556	-0.18871	0.097843	0.068331	0.084827	0.05377	0	0	0	0.54975	1
P10636	P09683	0	0	0	5000	0.41433	0.037026	0.15249	0.40963	0.27614	-0.046136	0.38194	0.2392	0.42259	0.29432	0.39641	0.37203	0.46523	0.33256	0.45914	0.1577	0	0.017271	-0.0091824	0
P10636	P49768	1	1	3	5000	-0.10839	-0.2929	0.53984	-0.05451	0.035625	0.08743	0.026126	-0.16952	0.2659	-0.14176	-0.023872	0.19318	-0.58932	-0.26583	-0.26509	0	0	0.026842	0.39014	1
P10636	P61764	0	0	2	5000	0.27259	-0.089173	0.8937	0.58485	-0.1055	-0.14663	0.55536	-0.072031	0.73018	0.2966	0.15692	0.31569	0.3491	0.12332	0.61222	0	0	0.051397	0.46401	0
P10636	P68951	0.00055172	0.020234	0.01473	5000	0.47137	0.43704	0.56223	0.38307	0.29875	0.29498	0.35325	0.44636	0.35868	0.3128	0.38018	0.36858	0.54621	0.4435	0.43729	0.067371	0	0.0055997	-0.031725	0
P10636	Q00535	0	1	4	5000	-0.25424	-0.058949	0.87174	0.32468	0.034729	-0.07149	0.052284	0.1362	0.39625	0.34213	-0.057491	0.43849	-0.62397	-0.023002	0.21898	1	0	0.10593	0.71342	0
P10636	Q06486	0.00055172	0.020234	0.01473	5000	0.47137	0.43704	0.56223	0.38307	0.29875	0.29498	0.35325	0.44636	0.35868	0.3128	0.38018	0.36858	0.54621	0.4435	0.43729	0.067371	0	0.0055997	-0.031725	0
P10636	Q13069	0.00091954	0.0030769	0.00825	5000	-0.13624	-0.049371	0.013468	0.095768	0.41589	0.30316	0.38997	0.040756	0.29939	0.32104	0.54852	-0.11178	0.44584	0.17942	0.36909	0.087183	0	0.030096	0.35993	0
P10636	Q13885	0	1	1	5000	-0.099416	0.050867	0.82503	-0.32668	0.24787	0.18031	0.037979	0.071877	0.42992	0.34089	-0.22304	0.35511	-0.46319	-0.045846	0.38556	0.51371	0	0.043202	0.46893	0
P10636	Q15054	0	1	0	5000	-0.26824	0.17792	0.19663	-0.17418	-0.12011	0.12984	0.092609	0.31002	-0.42663	0.30137	0.30502	-0.10492	-0.90002	0.082182	0.31865	0.21108	0	0.091733	0.15071	0
P10636	Q16527	0	0	0	5000	0.11564	-0.070278	0.33883	0.34623	-0.050098	-0.14596	-0.22939	-0.23745	-0.099657	0.30522	0.18043	0.14155	-0.16039	0.050683	0.47891	0.18715	0	0	-0.11461	0
P10636	Q5G7M1	0	0	0.0125	5000	0.37036	0.28042	0.31205	0.012367	0.33255	-0.064394	0.31675	0.30523	0.42657	0.27915	-0.020562	0.427	0.39341	0.3973	0.50197	0.18619	0	0.02104	0.029439	0
P10636	Q5NIP5	0.00055172	0.020234	0.01473	5000	0.47137	0.43704	0.56223	0.38307	0.29875	0.29498	0.35325	0.44636	0.35868	0.3128	0.38018	0.36858	0.54621	0.4435	0.43729	0.067371	0	0.0055997	-0.031725	0
P10636	Q6FIF1	0.0036782	0.024615	0.03825	5000	-0.17433	-0.20991	0.24009	-0.20316	-0.09682	-0.01337	-0.024435	0.26991	-0.038957	0.29952	-0.081877	0.1494	-0.19339	-0.28061	-0.21318	0.10311	0	0	0.074308	0
P10636	Q6UXH1	0	1	0	5000	0.35793	-0.24834	0.19558	-0.027759	-0.0075773	-0.24514	0.3054	-0.27769	0.46342	0.32551	-0.036383	0.31459	0.38386	0.020741	0.41435	0.15594	0	0.024325	0.171	0
P10636	Q76JQ2	0.00055172	0.020234	0.01473	5000	0.47137	0.43704	0.56223	0.38307	0.29875	0.29498	0.35325	0.44636	0.35868	0.3128	0.38018	0.36858	0.54621	0.4435	0.43729	0.067371	0	0.0055997	-0.031725	0
P10636	Q99583	0	0	0	5000	-0.020268	0.079734	0.65706	0.46185	0.12027	-0.29081	0.077387	-0.22328	0.4203	0.092175	-0.023886	0.060903	0.10041	0.014108	-0.25608	0.081154	0	0	0.049339	0
P10636	Q99615	0	0	0	5000	0.07752	-0.011109	0.53813	0.43292	-0.12171	0.11923	0.073139	-0.23845	0.10905	0.29203	0.098277	-0.14571	-0.17837	0.045585	-0.16433	0.11801	0	0.028315	0.0613	0
P10636	Q9BZR6	0	1	1	5000	0.29077	0.41457	0.55812	0.23958	-0.098505	-0.082298	-0.11653	0.21145	0.46806	0.19898	-0.022663	0.32162	0.22213	0.31339	-0.085865	0.11462	0	0	0.13303	0
P10636	Q9NWU1	0	0	0	5000	0.4126	-0.11339	0.3105	0.48603	0.10137	0.01116	-0.078809	0.2388	-0.068272	0.29401	0.014819	0.29992	0.027434	-0.062692	-0.028658	0.13717	0	0.032155	-0.10897	0
P10636	Q9NWX5	0	0	0	5000	0.35101	0.19517	0.27688	-0.456	-0.016344	0.075994	0.073536	-0.017676	0.26237	-0.17509	-0.19412	0.35057	-0.035347	0.052387	-0.32204	0.13468	0	0	-0.047323	0
P10636	Q9UPT5	0	1	2	5000	0.22204	0.1405	0.72337	0.12214	0.038724	-0.087587	-0.057553	0.0098902	0.37619	0.30077	0.41526	0.33396	-0.69742	0.23418	-0.086292	0.31072	0	0	0.099242	0
P11277	P10636	0	2	1	5000	0.41883	0.2086	0.32905	-0.51422	0.20246	0.040916	-0.022694	0.1858	0.61777	0.3113	-0.039185	0.32678	0.72064	0.39184	0.32149	1	0	0	0.51772	1
P16885	P10636	0	1	2	5000	-0.18171	0.15585	0.18771	0.28108	-0.31855	0.044434	-0.071839	0.31778	0.30072	0.30701	-0.197	-0.060122	-0.39719	0.28651	0.14395	0.18769	0	0	0.54355	0
P19174	P10636	0	1	2	5000	0.27279	0.33315	0.43562	0.32951	-0.13545	-0.085051	0.11317	-0.0018887	-0.039153	0.2958	-0.11518	-0.08908	-0.021911	0.41191	0.24488	1	0	0.16942	0.32956	0
P23443	P10636	1	1	1	5000	0.15652	-0.0948	0.1045	-0.40308	-0.080572	-0.16578	-0.28598	0.28063	-0.32796	0.021361	0.11149	0.55581	-0.58617	-0.099486	0.0073481	0.18807	0	0	0.29437	1
P25976	P10636	0.00055172	0.020234	0.01473	5000	0.47137	0.43704	0.56223	0.38307	0.29875	0.29498	0.35325	0.44636	0.35868	0.3128	0.38018	0.36858	0.54621	0.4435	0.43729	0.067371	0	0.0055997	-0.031725	0
P27348	P10636	0	1	0	5000	-0.30787	-0.22684	0.77085	-0.2211	0.21802	-0.036154	-0.27795	-0.20636	0.001696	0.29166	0.091936	-0.037507	-0.32334	-0.36419	-0.054933	0.29529	0	0.01796	0.33721	0
P29074	P10636	0	1	0	5000	0.17721	-0.34688	0.42616	0.42767	0.2957	0.34257	-0.20635	0.26959	0.22004	0.28345	-0.038797	0.13948	0.19058	0.28403	-0.37359	0.512	0	0	0.18513	0
P29466	P10636	1	1	1	337	-0.19058	-0.19019	0.0064286	0.069585	-0.059289	-0.067703	-0.11621	-0.35328	-0.49861	0.31651	0.14287	0.36912	-0.27756	-0.019611	-0.18983	1	0	0	0.14335	1
P31946	P10636	1	2	1	5000	-0.12976	-0.35666	0.84183	0.31524	0.20012	0.029764	0.088461	0.059937	0.46633	0.31321	-0.14697	-0.039826	-0.4162	-0.1357	0.15268	0.48984	0	0.042296	0.69922	1
P31994	P10636	0	1	1	5000	0.16683	0.18142	-0.0089957	0.38774	-0.041109	-0.029926	-0.00825	-0.27424	-0.48901	0.29569	0.22991	0.23126	0.1587	-0.22183	-0.26472	0.30958	0	0.0966	0.12672	0
P37840	P10636	0	1	4	5000	0.23535	0.2171	0.3473	0.45411	0.12785	-0.034507	0.19895	0.23023	0.56551	-0.15809	-0.064972	0.14534	0.44823	0.32813	-0.25311	0	0	0.027574	0.56468	1
P39688	P10636	0.00055172	0.020234	0.01473	5000	0.47137	0.43704	0.56223	0.38307	0.29875	0.29498	0.35325	0.44636	0.35868	0.3128	0.38018	0.36858	0.54621	0.4435	0.43729	0.067371	0	0.0055997	-0.031725	0
P42574	P10636	2	1	2	5000	-0.096588	-0.29189	0.41238	-0.30994	0.0016281	0.080508	-0.249	0.036942	-0.056124	-0.1608	-0.1011	0.14756	0.26719	-0.32995	-0.037715	1	0	0.1176	0.44752	1
P43004	P10636	0	0	1	5000	0.2173	0.1936	0.80506	-0.016477	0.095595	0.15274	0.35787	0.028264	0.66757	0.13118	-0.072913	0.097918	0.13037	0.44398	0.53994	0.35558	0	0.031086	0.39292	0
P49840	P10636	0	1	1	5000	0.41335	0.20405	0.54931	-0.21294	-0.10109	-0.098258	0.38791	0.053151	0.63404	0.29065	0.035753	0.5865	0.034912	0.41564	0.072417	0.46434	0	0.064907	0.21885	1
P49841	P10636	0	1	2	5000	-0.0035036	0.019987	0.44901	-0.084697	0.0064288	-0.035746	-0.40719	0.24608	0.74881	0.17472	0.039602	0.27124	0.121	0.27875	0.23172	0.26375	0	0.070153	0.60402	0
P51812	P10636	0	0	1	5000	0.12061	-0.14111	0.3212	-0.15796	-0.11087	0.019322	-0.23757	0.23692	0.14528	0.27435	-0.19348	-0.069201	-0.19849	-0.20339	-0.0031982	0.13895	0	0.085127	0.23467	1
P53041	P10636	0	1	1	5000	0.075332	0.085577	0.45418	0.2768	-0.15799	0.2938	0.22262	-0.19639	0.086554	0.3097	0.0055213	0.4842	0.54175	0.34153	0.4936	0	0	0	0.31277	1
P53778	P10636	0	1	1	5000	0.11116	0.097229	0.24592	0.46813	0.13171	-0.059391	0.0082303	0.29833	0.12984	0.2797	-0.11163	0.25798	0.084429	0.2463	0.12667	1	0	0.1158	0.28007	1
P55041	P10636	0.00055172	0.020234	0.01473	5000	0.47137	0.43704	0.56223	0.38307	0.29875	0.29498	0.35325	0.44636	0.35868	0.3128	0.38018	0.36858	0.54621	0.4435	0.43729	0.067371	0	0.0055997	-0.031725	0
P55210	P10636	2	1	1	5000	-0.13931	-0.2197	0.032596	0.073966	0.15327	0.064489	0.073133	-0.0085785	0.37222	0.32449	-0.067048	0.1515	0.91941	-0.23089	0.18385	1	0	0	0.40558	1
P55212	P10636	2	1	1	5000	-0.05626	0.23474	0.11719	-0.13408	0.42695	0.32096	-0.25855	0.092051	-0.19644	0.30643	0.047151	0.40455	-0.7541	-0.16836	0.10481	0.54374	0	0.097251	0.23534	1
P62714	P10636	0	1	1	5000	-0.07304	-0.32505	0.803	-0.4671	0.090341	0.13403	0.094045	-0.10155	0.25446	0.29555	0.1352	0.14095	-0.49101	-0.030352	-0.3211	0	0	0.016149	0.50099	1
P63102	P10636	0.00055172	0.020234	0.01473	5000	0.47137	0.43704	0.56223	0.38307	0.29875	0.29498	0.35325	0.44636	0.35868	0.3128	0.38018	0.36858	0.54621	0.4435	0.43729	0.067371	0	0.0055997	-0.031725	0
P68366	P10636	0	0	2	5000	-0.0239	0.22563	0.79374	-0.33959	0.042727	0.15216	0.038088	0.099954	0.54113	0.29727	0.174	0.19326	-0.42806	-0.26518	0.13234	0	0	0.025503	0.46308	1
Q03266	P10636	0.00055172	0.020234	0.01473	5000	0.47137	0.43704	0.56223	0.38307	0.29875	0.29498	0.35325	0.44636	0.35868	0.3128	0.38018	0.36858	0.54621	0.4435	0.43729	0.067371	0	0.0055997	-0.031725	0
Q05655	P10636	2	2	2	5000	-0.078459	-0.20755	-0.0016496	-0.28319	-0.26941	-0.27903	0.35648	0.24445	-0.40698	0.30442	0.15021	-0.032931	-0.6375	0.0098077	-0.018246	0	0	0	0.56856	1
Q13501	P10636	1	1	1	5000	0.10966	-0.24085	0.40365	0.26239	0.2679	0.098114	0.31218	-0.0123	0.011186	0.12474	-0.0033979	0.04036	0.55961	0.20587	0.16532	0.19257	0	0.036699	0.27086	0
Q13526	P10636	0	1	0	5000	-0.32902	0.13603	0.76342	-0.035583	-0.073554	-0.043737	0.22293	0.087857	0.62389	0.33789	-0.11483	0.23028	0.5445	0.18104	0.34053	1	0	0.087395	0.33825	1
Q14790	P10636	2	1	1	5000	-0.19275	-0.017501	0.068365	0.26844	0.3376	0.26453	0.30771	-0.075936	0.40334	0.31141	0.22564	0.36768	0.51026	-0.083414	0.45509	0.067497	0	0	0.21534	1
Q15172	P10636	0	1	0	5000	0.11813	0.013646	0.54944	0.1729	0.23895	0.3036	0.31137	0.1605	0.48342	0.30021	0.29687	-0.2498	0.49636	0.18353	0.55795	0	0	0.044272	0.45572	1
Q16512	P10636	0	1	1	5000	-0.22761	0.1381	0.1066	0.09615	0.23967	0.069564	0.096995	0.01028	-0.0030044	0.28787	-0.18097	-0.16422	0.5281	0.058459	0.26379	0.19258	0	0.039794	0.27055	1
Q16816	P10636	0	1	1	5000	0.31098	0.10112	0.52699	0.2189	-0.2406	-0.022178	0.34528	0.13203	0.40111	0.016757	-0.23816	0.41099	0.40796	0.45647	0.53973	0.36287	0	0.047404	0.2845	1
Q5NFL4	P10636	0.00055172	0.020234	0.01473	5000	0.47137	0.43704	0.56223	0.38307	0.29875	0.29498	0.35325	0.44636	0.35868	0.3128	0.38018	0.36858	0.54621	0.4435	0.43729	0.067371	0	0.0055997	-0.031725	0
Q76MZ3	P10636	0.00055172	0.020234	0.01473	5000	0.47137	0.43704	0.56223	0.38307	0.29875	0.29498	0.35325	0.44636	0.35868	0.3128	0.38018	0.36858	0.54621	0.4435	0.43729	0.067371	0	0.0055997	-0.031725	1
Q8N129	P10636	0	0	0	81	0.26204	0.060727	0.41285	0.38419	0.28638	0.35	-0.01653	0.069432	-0.30188	-0.10236	-0.092435	0.22002	-0.18982	0.33268	-0.089537	0.29196	0	0.089175	-0.11052	0
Q8TER5	P10636	0	0	0	5000	0.34185	0.39171	0.19253	0.10583	0.40541	0.098992	0.091744	-0.34005	0.015704	-0.17347	0.042233	0.29205	-0.44097	-0.020635	0.07374	1	0	0.11212	0.029247	1
Q8WW38	P10636	0	1	0	5000	0.34708	-0.043486	0.4479	-0.32779	0.12371	-0.39691	0.32267	0.15419	0.52626	0.32731	-0.012817	0.33607	0.35124	-0.10711	0.40747	0.15594	0	0	0.23978	0
Q8WWM7	P10636	0	0	0	5000	-0.034551	-0.084471	0.34262	0.28396	0.03916	-0.040405	0.22983	0.28323	-0.20515	0.051494	0.059414	-0.017512	0.40028	0.39151	0.11458	0.13066	0	0	0.061125	0
Q8ZEC9	P10636	0.00055172	0.020234	0.01473	5000	0.47137	0.43704	0.56223	0.38307	0.29875	0.29498	0.35325	0.44636	0.35868	0.3128	0.38018	0.36858	0.54621	0.4435	0.43729	0.067371	0	0.0055997	-0.031725	0
Q96AW1	P10636	0	0	0	1420	-0.04688	0.014867	0.53476	-0.51578	-0.086441	0.055875	0.3139	-0.57572	0.44196	0.29852	-0.00057275	-0.0046513	0.4883	-0.19538	0.34998	0.14005	0	0.021289	0.1689	0
Q96FN4	P10636	0	0.015385	0.0075	5000	0.38402	0.4018	0.50186	-0.22437	0.32261	0.30579	0.41773	0.48616	0.48704	-0.33506	-0.037458	0.38879	0.35552	0.43066	0.5038	0.20822	0	0.024541	0.24172	0
Q96KN2	P10636	0	0	0	5000	0.41388	0.37537	0.56411	0.11114	-0.01731	-0.17981	0.42119	0.27723	0.42404	-0.28245	0.22049	0.43571	0.36956	0.31492	0.48376	0.43728	0	0	-0.032901	0
Q96L34	P10636	1	2	0	5000	0.30419	0.46326	0.68026	-0.047857	-0.18323	0.13822	0.15186	0.097937	0.47559	0.28362	-0.074297	0.41493	0.20069	0.16205	0.20804	1	0	0	0.33033	1
Q96RJ6	P10636	0	0	0	5000	0.30934	0.38662	0.67965	0.43198	0.33158	0.35306	0.38352	0.49518	0.5311	0.37427	0.34797	0.38537	0.46333	0.50894	0.50013	0.3437	0	0	0.052046	0
Q9D777	P10636	0.00055172	0.020234	0.01473	5000	0.47137	0.43704	0.56223	0.38307	0.29875	0.29498	0.35325	0.44636	0.35868	0.3128	0.38018	0.36858	0.54621	0.4435	0.43729	0.067371	0	0.0055997	-0.031725	0
Q9DBE8	P10636	0.00055172	0.020234	0.01473	5000	0.47137	0.43704	0.56223	0.38307	0.29875	0.29498	0.35325	0.44636	0.35868	0.3128	0.38018	0.36858	0.54621	0.4435	0.43729	0.067371	0	0.0055997	-0.031725	0
Q9NP55	P10636	0	0	0	5000	0.27613	0.044443	0.11526	0.098426	0.10016	-0.14085	0.4243	0.077808	0.16185	0.30651	0.03587	0.33266	0.0019133	0.099807	0.16097	0.13974	0	0	0.032506	0
Q9NXB0	P10636	0	1	0	5000	0.36636	0.091526	0.28038	0.32705	0.22473	0.12914	-0.0045082	-0.21297	-0.41997	0.32571	0.016228	0.31347	-0.57559	0.3251	0.54667	0.3275	0	0.0206	-0.021434	0
Q9NY61	P10636	1	1	0	5000	-0.10924	-0.096628	0.024893	-0.20383	0.013668	-0.031313	0.029906	0.090786	-0.053998	0.31432	0.1531	-0.20819	-0.055258	-0.026535	0.23704	0	0	0.01809	0.29155	1
Q9P0L2	P10636	1	0	1	5000	0.39428	-0.15896	0.5441	0.18235	0.074581	0.081136	-0.11311	0.061659	0.56704	-0.1252	0.24062	0.33085	0.4297	0.19156	0.14395	1	0	0.11185	0.095936	1
Q9UNE7	P10636	0	2	1	5000	0.42316	0.22319	0.72504	-0.34648	-0.10022	0.012418	0.022065	-0.18397	0.30226	0.31512	-0.017822	0.34426	0.33607	-0.054719	0.41399	0.22861	0	0	0.23033	1
Q9UQF2	P10636	0	1	1	5000	0.31423	0.063647	0.7585	-0.11103	0.02164	-0.26488	0.31275	0.11685	0.54905	0.33934	0.12828	0.50744	0.13946	0.40569	0.24992	1	0	0.10064	0.45383	0
