uniprot_id1	uniprot_id2	go_function	go_component	go_process	sequence_similarity	coexpression1	coexpression2	coexpression3	coexpression4	coexpression5	coexpression6	coexpression7	coexpression8	coexpression9	coexpression10	coexpression11	coexpression12	coexpression13	coexpression14	coexpression15	localization	homology_yeast	domain_domain_interaction	score	hprd_flag
B2MVU6	P49792	0.00055172	0.020234	0.01473	5000	0.47137	0.43704	0.56223	0.38307	0.29875	0.29498	0.35325	0.44636	0.35868	0.3128	0.38018	0.36858	0.54621	0.4435	0.43729	0.067371	0	0.0055997	-0.031725	0
B2R5T5	P49792	0.023724	0.11458	0.052425	5000	0.028712	0.61854	0.39391	-0.18151	-0.033628	0.021466	-0.58001	0.85907	0.27986	0.28896	0.25328	0.3084	0.4254	0.63786	-0.24292	0.28144	0	0.094627	0.20849	0
F8S3H4	P49792	0.00055172	0.020234	0.01473	5000	0.47137	0.43704	0.56223	0.38307	0.29875	0.29498	0.35325	0.44636	0.35868	0.3128	0.38018	0.36858	0.54621	0.4435	0.43729	0.067371	0	0.0055997	-0.031725	0
O14980	P49792	5	1	1	619	0.0099213	0.43949	0.51858	0.18466	0.34778	0.062979	0.077912	0.78461	-0.14045	0.16801	-0.23954	0.31933	0.0061701	0.3689	0.35621	0.45409	0	0.063735	0.36274	0
O43592	P49792	0	0	1	394	-0.10088	0.40567	0.16256	0.19897	0.398	-0.001653	-0.22846	0.84408	-0.30379	0.323	-0.11211	0.15976	0.69639	0.22193	-0.030064	0.22109	0	0.0229	0.15203	1
O43918	P49792	0	2	0	1406	-0.016428	-0.17717	0.33196	-0.34521	-0.33344	-0.22679	0.35186	-0.57566	0.39957	0.27242	-0.12108	-0.0063776	0.40487	-0.41429	0.48878	1	0	0.072609	0.4625	0
P06827	P49792	0.00055172	0.020234	0.01473	5000	0.47137	0.43704	0.56223	0.38307	0.29875	0.29498	0.35325	0.44636	0.35868	0.3128	0.38018	0.36858	0.54621	0.4435	0.43729	0.067371	0	0.0055997	-0.031725	0
P0CG48	P49792	3	1	1	5000	0.020892	-0.43718	0.6903	-0.30296	0.068214	-0.31849	0.39908	0.53409	0.49568	-0.020691	0.4724	-0.083923	0.52001	0.43649	0.42434	0.45518	0	0.068169	0.61272	0
P15407	P49792	0	1	1	5000	0.37872	-0.15889	0.18804	0.091517	-0.014196	-0.1572	0.31402	-0.53963	0.41542	0.29602	-0.2513	0.00077645	0.42081	-0.0056638	0.4557	1	0	0.092855	0.41218	0
P19174	P49792	1	1	1	5000	0.15603	-0.2364	0.39715	-0.26317	-0.30408	-0.50402	0.18995	-0.41474	-0.078784	0.30454	-0.04355	0.034095	-0.31793	-0.28457	0.24785	1	0	0.15847	0.50881	0
P25054	P49792	0	1	1	2026	0.20764	-0.040879	0.50363	0.50338	0.3745	0.14205	-0.093411	-0.097624	-0.14931	0.29232	-0.16161	-0.060242	-0.029741	0.29019	0.31885	0	0	0.03858	0.27259	0
P36046	P49792	0.00055172	0.020234	0.01473	5000	0.47137	0.43704	0.56223	0.38307	0.29875	0.29498	0.35325	0.44636	0.35868	0.3128	0.38018	0.36858	0.54621	0.4435	0.43729	0.067371	0	0.0055997	-0.031725	0
P37198	P49792	9	1	1	35	0.092625	-0.091821	0.37539	-0.01483	0.21764	-0.23466	-0.20633	-0.41231	-0.08272	0.030357	-0.19353	-0.049529	-0.16738	-0.10952	0.0095414	0.59794	0	0.098411	0.15321	1
P39900	P49792	0	1	0	5000	0.24005	-0.10352	0.47655	-0.508	0.069977	-0.10616	0.33562	-0.27466	0.47239	0.27882	-0.1405	0.33693	0.4883	-0.12818	0.45917	0.15594	0	0.024325	0.13727	0
P46060	P49792	3	1	2	5000	-0.14068	-0.39284	0.64972	-0.040101	0.0074425	0.24344	-0.34351	-0.56698	0.078343	0.29799	-0.29254	-0.25763	-0.67392	-0.25497	-0.040918	0	0	0.031075	0.74545	1
P46736	P49792	0	1	0	910	0.39757	0.25072	0.46154	0.12243	0.36803	0.34104	-0.43549	0.44067	0.098634	0.17134	0.067239	0.37295	0.56022	0.017299	0.035048	0.39603	0	0.040069	0.18815	0
P48050	P49792	0	1	0	884	0.1423	-0.11169	0.28389	0.046905	0.3144	0.31843	0.0025172	-0.65144	-0.33822	0.31725	0.40545	-0.15298	-0.74151	-0.13097	0.23675	1	0	0.11482	0.37855	0
P49792	A4D0Y8	0.0033103	0.022154	0.018352	5000	0.11612	-0.14193	0.1905	-0.087048	0.27634	-0.039537	0.32872	-0.40852	0.47356	0.29401	-0.017638	-0.037611	0.40916	-0.11851	0.42729	0	0	0.029205	0.21033	0
P49792	A6X8Z5	0.00055172	0.020234	0.01473	5000	0.47137	0.43704	0.56223	0.38307	0.29875	0.29498	0.35325	0.44636	0.35868	0.3128	0.38018	0.36858	0.54621	0.4435	0.43729	0.067371	0	0.0055997	-0.031725	0
P49792	A8K3Z8	0	0.046154	0.00237	5000	-0.16816	0.55597	0.32232	0.20309	0.10572	0.079983	-0.19148	0.7021	0.29142	0.32661	0.26794	0.043663	0.85703	0.44869	0.10078	0.32538	0	0.029688	0.053672	1
P49792	O00410	0	2	1	5000	-0.028475	0.088305	0.78913	0.17562	0.50937	0.40974	0.22411	0.65929	0.046279	0.10245	0.094672	0.17166	0.10241	0.44269	0.39634	0.62286	0	0.11035	0.48934	0
P49792	O60260	0	2	1	5000	0.13392	-0.008549	0.45218	-0.16064	-0.12506	-0.048339	0.33965	0.20655	-0.26866	0.30202	0.1932	0.29717	0.39126	-0.2719	0.35621	1	0	0.074837	0.51768	0
P49792	O75911	0	0	0	5000	-0.028387	-0.21444	0.061906	-0.50639	0.24108	0.16808	0.07528	-0.11911	-0.0013726	0.28895	-0.14697	-0.13068	0.28904	-0.32837	-0.20454	0.21482	0	0.030732	0.25302	0
P49792	O88321	0.00055172	0.020234	0.01473	5000	0.47137	0.43704	0.56223	0.38307	0.29875	0.29498	0.35325	0.44636	0.35868	0.3128	0.38018	0.36858	0.54621	0.4435	0.43729	0.067371	0	0.0055997	-0.031725	0
P49792	O88761	0.00055172	0.020234	0.01473	5000	0.47137	0.43704	0.56223	0.38307	0.29875	0.29498	0.35325	0.44636	0.35868	0.3128	0.38018	0.36858	0.54621	0.4435	0.43729	0.067371	0	0.0055997	-0.031725	0
P49792	O95936	0	0	0	5000	0.38402	0.41488	0.50186	-0.18157	0.34603	0.32167	0.44316	0.46509	0.48514	-0.22293	0.088742	0.38673	0.3921	0.42525	0.5179	0.23557	0	0.048149	0.19425	0
P49792	P03116	0.00055172	0.020234	0.01473	5000	0.47137	0.43704	0.56223	0.38307	0.29875	0.29498	0.35325	0.44636	0.35868	0.3128	0.38018	0.36858	0.54621	0.4435	0.43729	0.067371	0	0.0055997	-0.031725	0
P49792	P04000	0	0	0	5000	0.34136	-0.20301	0.26907	-0.44334	0.17695	0.12175	0.36967	-0.48399	0.44083	0.33312	0.38953	0.34346	0.39171	-0.40404	0.42116	0	0	0.016156	0.33238	1
P49792	P04001	0	0	0	5000	0.3316	-0.20301	0.26907	-0.44334	0.35202	0.32101	0.30522	-0.48399	0.34984	0.3239	0.40327	0.34465	0.47034	-0.40404	0.47427	0	0	0.0173	0.47782	1
P49792	P04626	0	1	0	5000	0.059519	-0.45994	0.27389	0.14613	-0.191	-0.064913	-0.0019516	0.13549	-0.21633	0.0021977	-0.23271	-0.082977	0.25852	-0.18551	-0.099365	1	0	0.12967	0.31674	0
P49792	P09217	0.00055172	0.020234	0.01473	5000	0.47137	0.43704	0.56223	0.38307	0.29875	0.29498	0.35325	0.44636	0.35868	0.3128	0.38018	0.36858	0.54621	0.4435	0.43729	0.067371	0	0.0055997	-0.031725	0
P49792	P11388	1	1	0	5000	-0.049755	0.16963	0.18353	-0.28898	0.34798	0.34766	-0.45617	-0.44918	-0.082427	-0.2467	-0.17857	0.067265	-0.17649	0.01835	-0.11586	0.44774	0	0.10612	0.41814	0
P49792	P13929	2	0	1	5000	0.0062231	-0.27894	-0.0047858	-0.11747	0.044612	-0.20259	-0.27806	0.085514	-0.071266	-0.25416	0.024374	0.031992	-0.626	-0.18571	-0.24416	0	0	0.030142	0.031591	0
P49792	P16066	0	0	0	5000	-0.041125	-0.19893	0.34235	0.04205	-0.10048	0.060009	0.058861	-0.60264	-0.13614	0.29344	-0.11811	0.058715	0.20425	-0.13266	-0.0062449	0.13267	0	0.026724	0.051991	0
P49792	P21675	1	1	0	5000	0.010843	-0.009427	0.48744	-0.24012	0.34545	0.0047843	0.13235	-0.23736	-0.036102	0.38258	0.087452	-0.14567	0.73512	-0.29406	0.17405	0.31634	0	0.046116	0.34382	0
P49792	P24768	0.00055172	0.020234	0.01473	5000	0.47137	0.43704	0.56223	0.38307	0.29875	0.29498	0.35325	0.44636	0.35868	0.3128	0.38018	0.36858	0.54621	0.4435	0.43729	0.067371	0	0.0055997	-0.031725	0
P49792	P30533	1	0	0	5000	-0.22814	-0.42438	0.18207	0.061157	0.10842	-0.098071	-0.41533	-0.3453	0.18925	0.29409	-0.017783	-0.18677	-0.81524	0.021818	0.093604	0.10884	0	0.075635	0.21264	0
P49792	P33176	0	1	0	5000	0.027086	0.61597	0.77151	0.4983	0.1574	0.21406	0.34049	0.54747	0.02328	0.31188	-0.076883	-0.25279	0.41665	0.20371	0.28999	1	0	0.064967	0.52548	0
P49792	P52294	2	1	2	5000	0.093192	0.042334	0.63416	0.185	0.077181	0.013922	0.26042	0.33108	0.18643	0.28005	0.0089266	-0.13242	-0.11975	0.43684	0.45457	0	0	0.026226	0.54213	0
P49792	P56524	0	2	1	5000	0.0065576	0.24882	0.29709	0.18198	0.32756	0.29269	-0.414	0.060466	0.14319	0.55369	-0.12568	-0.041203	0.24947	0.44276	0.03814	0	0	0.051182	0.51508	0
P49792	P63165	2	1	1	5000	-0.037723	0.40306	0.53178	0.62208	0.52332	0.48937	0.39635	0.90352	0.55353	0.38332	0.14703	0.34485	0.527	0.48512	-0.16148	0.51699	0	0.06083	0.10231	0
P49792	P63281	0.00055172	0.020234	0.01473	5000	0.47137	0.43704	0.56223	0.38307	0.29875	0.29498	0.35325	0.44636	0.35868	0.3128	0.38018	0.36858	0.54621	0.4435	0.43729	0.067371	0	0.0055997	-0.031725	0
P49792	Q01320	0.00055172	0.020234	0.01473	1467	0.47137	0.43704	0.56223	0.38307	0.29875	0.29498	0.35325	0.44636	0.35868	0.3128	0.38018	0.36858	0.54621	0.4435	0.43729	0.067371	0	0.0055997	-0.061562	0
P49792	Q06103	0.00055172	0.020234	0.01473	5000	0.47137	0.43704	0.56223	0.38307	0.29875	0.29498	0.35325	0.44636	0.35868	0.3128	0.38018	0.36858	0.54621	0.4435	0.43729	0.067371	0	0.0055997	-0.031725	0
P49792	Q12802	0	1	1	5000	0.14646	-0.04973	0.45768	0.14467	0.12363	-0.21099	0.38516	0.19132	-0.18666	0.036842	-0.13907	-0.091355	-0.095781	-0.007476	0.25995	0	0	0.023746	0.29395	0
P49792	Q13196	0.00055172	0.020234	0.01473	98	0.47137	0.43704	0.56223	0.38307	0.29875	0.29498	0.35325	0.44636	0.35868	0.3128	0.38018	0.36858	0.54621	0.4435	0.43729	0.067371	0	0.0055997	-0.073123	0
P49792	Q15758	1	0	0	793	-0.1594	-0.060882	0.21668	0.041815	0.3592	0.32328	-0.17235	-0.11964	-0.007994	0.2982	0.047373	0.050451	-0.39412	-0.18128	0.13643	0.36384	0	0.097576	0.083474	0
P49792	Q15884	0	0	0	5000	0.12797	-0.19065	0.48411	-0.14874	-0.027368	0.025954	-0.28601	-0.11621	-0.32646	0.30296	0.0054887	0.2395	0.56174	0.083052	0.070414	0.14005	0	0.021289	0.082566	0
P49792	Q4LE39	0	1	0	4341	0.26749	0.34935	0.63493	0.54178	0.27336	0.26895	0.65651	0.65375	0.073951	0.30989	0.22201	0.25937	0.89117	0.47393	0.72846	0.3488	0	0.043868	0.23513	0
P49792	Q4VP87	0.00055172	0.020234	0.01473	5000	0.47137	0.43704	0.56223	0.38307	0.29875	0.29498	0.35325	0.44636	0.35868	0.3128	0.38018	0.36858	0.54621	0.4435	0.43729	0.067371	0	0.0055997	-0.031725	0
P49792	Q5QTQ6	0.00055172	0.020234	0.01473	707	0.47137	0.43704	0.56223	0.38307	0.29875	0.29498	0.35325	0.44636	0.35868	0.3128	0.38018	0.36858	0.54621	0.4435	0.43729	0.067371	0	0.0055997	-0.06798	0
P49792	Q7CHR9	0.00055172	0.020234	0.01473	5000	0.47137	0.43704	0.56223	0.38307	0.29875	0.29498	0.35325	0.44636	0.35868	0.3128	0.38018	0.36858	0.54621	0.4435	0.43729	0.067371	0	0.0055997	-0.031725	0
P49792	Q7Z7H8	0	0	0	5000	0.36686	0.34255	0.55114	0.024962	0.026474	-0.16855	0.32317	0.20759	0.39987	0.03702	0.0794	0.41315	0.34694	0.26066	0.37282	0.17912	0	0.031059	-0.063107	0
P49792	Q86XG6	0.00045977	0.021538	0.01825	5000	0.28406	-0.060192	0.21365	-0.20101	-0.047608	0.084511	0.34124	-0.52122	0.39389	-0.069225	0.079801	0.28361	0.42638	-0.25379	0.40007	0.15594	0	0.024325	0.081457	0
P49792	Q8IZ63	0.0045977	0.076923	0.0125	5000	0.46999	0.49333	0.5897	-0.23694	0.30014	0.28755	0.34474	0.50431	0.44915	0.25877	0.53941	0.36768	0.48345	0.50094	0.47562	0.34395	0	0.030839	0.14854	0
P49792	Q96RY7	0.0036782	0.024615	0.0195	5000	0.051791	-0.10143	0.38113	-0.4186	-0.35305	-0.42461	-0.025753	-0.48504	0.30739	-0.31124	-0.043524	-0.015789	0.10456	-0.18082	-0.37466	0	0	0.017307	0.03723	0
P49792	Q9BTX1	1	0	1	5000	0.46641	-0.055944	0.47949	-0.034534	0.37693	0.2035	0.0031193	0.3148	-0.10301	-0.30464	0.0077115	0.36443	0.58329	0.20957	0.2994	0.21676	0	0.036824	0.087787	0
P49792	Q9NVX7	0.013793	0.076923	0.01875	5000	0.42279	0.24478	0.49816	-0.0055164	0.15259	0.18149	0.18724	0.57952	0.36155	-0.091616	0.22224	0.39496	0.50144	0.19378	0.39499	0.10928	0	0.026849	-0.0038224	0
P49792	Q9UEU5	0	1	0	5000	-0.10685	-0.19089	0.58164	-0.40689	0.37614	0.27148	0.37672	-0.59087	0.38969	0.28545	0.32844	0.11238	0.64024	0.011154	0.43419	0.29446	0	0.038672	0.42774	0
P49792	Q9Y2K5	0	0	0	5000	-0.054767	-0.043879	0.39941	0.051095	0.38143	0.33815	-0.13361	0.5647	-0.19895	0.33541	0.14263	0.16584	0.7109	-0.11789	0.35621	1	0	0.027402	0.31903	0
P49792	Q9Y613	0	1	0	225	0.32735	-0.28492	0.1105	-0.068162	0.26311	0.22072	0.13175	-0.0037669	0.20697	0.29232	0.17139	0.29674	-0.16101	0.11017	-0.061083	0.16218	0	0.033455	0.14204	0
P49792	Q9Y6I3	0	0	0	5000	0.35101	0.17709	0.41716	-0.31698	-0.45284	-0.51156	-0.45231	-0.39088	0.04372	-0.3895	-0.037686	0.32458	-0.73533	-0.33242	-0.41125	0.22374	0	0.025827	-0.19037	0
P55854	P49792	1	1	0	5000	0.095802	0.3011	0.39303	0.22423	0.27004	0.37457	0.15768	0.38317	0.086119	0.29453	-0.075042	-0.051144	-0.40536	0.30829	-0.29222	0.55474	0	0.12182	0.20278	0
P63279	P49792	1	1	0	5000	-0.17542	-0.22187	0.42552	0.072808	0.21909	-0.073665	0.30066	-0.083086	0.28894	-0.14054	0.018814	0.056878	-0.25605	-0.14729	0.15456	0.42783	0	0.084855	0.12209	1
P63280	P49792	0.00055172	0.020234	0.01473	5000	0.47137	0.43704	0.56223	0.38307	0.29875	0.29498	0.35325	0.44636	0.35868	0.3128	0.38018	0.36858	0.54621	0.4435	0.43729	0.067371	0	0.0055997	-0.031725	0
P70168	P49792	0.00055172	0.020234	0.01473	5000	0.47137	0.43704	0.56223	0.38307	0.29875	0.29498	0.35325	0.44636	0.35868	0.3128	0.38018	0.36858	0.54621	0.4435	0.43729	0.067371	0	0.0055997	-0.031725	0
Q13515	P49792	0	0	0	75	-0.029614	-0.098036	0.23611	-0.1582	-0.35054	-0.12603	-0.31053	-0.57031	-0.24048	0.30602	0.45091	-0.063661	-0.63341	-0.26358	0.094011	1	0	0.081733	0.12483	0
Q14974	P49792	3	2	2	5000	-0.0062615	0.14434	0.76242	0.36527	0.094402	-0.090417	0.023374	0.57709	0.11365	0.34403	-0.025498	0.10012	0.85412	0.18321	0.12946	0	0	0.058992	0.59469	1
Q53HL2	P49792	3	1	1	5000	0.28278	-0.21676	0.032029	-0.55578	-0.08019	-0.15107	-0.20184	-0.408	-0.023427	0.28026	0.1698	0.28886	-0.15687	0.025238	-0.11052	0.22406	0	0.088893	0.32494	0
Q5JQC9	P49792	0	0	0	5000	0.16084	-0.21106	0.71894	-0.35371	0.23231	0.088024	-0.12075	-0.53135	-0.13377	0.28025	-0.055931	0.075393	-0.55506	-0.36092	0.2575	0.27416	0	0.024333	0.162	0
Q5NET2	P49792	0.00055172	0.020234	0.01473	5000	0.47137	0.43704	0.56223	0.38307	0.29875	0.29498	0.35325	0.44636	0.35868	0.3128	0.38018	0.36858	0.54621	0.4435	0.43729	0.067371	0	0.0055997	-0.031725	0
Q5NIG3	P49792	0.00055172	0.020234	0.01473	5000	0.47137	0.43704	0.56223	0.38307	0.29875	0.29498	0.35325	0.44636	0.35868	0.3128	0.38018	0.36858	0.54621	0.4435	0.43729	0.067371	0	0.0055997	-0.031725	0
Q6FH21	P49792	0.0082759	0.052308	0.04875	5000	0.12329	-0.25094	0.20177	-0.028347	-0.22486	0.0049354	-0.38991	-0.24095	0.11192	0.068925	0.28078	-0.30128	-0.46515	-0.14102	-0.24817	0.25626	0	0.083484	0.058318	0
Q6P1J9	P49792	0	1	0	44	0.41069	0.34307	0.22245	0.57015	0.10148	0.12225	0.56551	0.81515	0.22846	0.62204	-0.011498	0.40187	0.55258	0.31618	0.70754	1	0	0.049586	0.1927	0
Q7CIW0	P49792	0.00055172	0.020234	0.01473	5000	0.47137	0.43704	0.56223	0.38307	0.29875	0.29498	0.35325	0.44636	0.35868	0.3128	0.38018	0.36858	0.54621	0.4435	0.43729	0.067371	0	0.0055997	-0.031725	0
Q7CJG2	P49792	0.00055172	0.020234	0.01473	5000	0.47137	0.43704	0.56223	0.38307	0.29875	0.29498	0.35325	0.44636	0.35868	0.3128	0.38018	0.36858	0.54621	0.4435	0.43729	0.067371	0	0.0055997	-0.031725	0
Q81KK8	P49792	0.00055172	0.020234	0.01473	5000	0.47137	0.43704	0.56223	0.38307	0.29875	0.29498	0.35325	0.44636	0.35868	0.3128	0.38018	0.36858	0.54621	0.4435	0.43729	0.067371	0	0.0055997	-0.031725	0
Q81LI7	P49792	0.00055172	0.020234	0.01473	5000	0.47137	0.43704	0.56223	0.38307	0.29875	0.29498	0.35325	0.44636	0.35868	0.3128	0.38018	0.36858	0.54621	0.4435	0.43729	0.067371	0	0.0055997	-0.031725	0
Q81S59	P49792	0.00055172	0.020234	0.01473	5000	0.47137	0.43704	0.56223	0.38307	0.29875	0.29498	0.35325	0.44636	0.35868	0.3128	0.38018	0.36858	0.54621	0.4435	0.43729	0.067371	0	0.0055997	-0.031725	0
Q81VY7	P49792	0.00055172	0.020234	0.01473	5000	0.47137	0.43704	0.56223	0.38307	0.29875	0.29498	0.35325	0.44636	0.35868	0.3128	0.38018	0.36858	0.54621	0.4435	0.43729	0.067371	0	0.0055997	-0.031725	0
Q8D0Y2	P49792	0.00055172	0.020234	0.01473	5000	0.47137	0.43704	0.56223	0.38307	0.29875	0.29498	0.35325	0.44636	0.35868	0.3128	0.38018	0.36858	0.54621	0.4435	0.43729	0.067371	0	0.0055997	-0.031725	0
Q92973	P49792	0	1	1	5000	0.050703	0.068947	0.5954	0.39767	-0.24685	-0.19746	0.14154	0.5523	0.14577	0.41578	0.008423	0.38378	0.59445	0.05367	0.52825	0.40666	0	0.077309	0.37271	1
Q96C74	P49792	0	1	0	5000	0.38704	0.41755	0.60197	-0.53153	-0.037699	-0.13935	-0.16649	0.33298	-0.09933	-0.36392	0.10832	0.41777	-0.02812	0.34596	0.22363	0.71211	0	0.081409	0.2637	0
Q96EG6	P49792	0	0	0	5000	0.38439	0.39442	0.63879	-0.16366	-0.058173	-0.29934	0.067287	0.29266	0.1108	-0.25588	-0.10194	0.45014	-0.31766	0.33071	0.17929	0.49374	0	0.044586	-0.03543	0
Q96KG9	P49792	0	0	0	5000	0.34021	0.30975	0.50565	0.15447	-0.20503	-0.042854	0.01343	0.19115	0.1621	-0.29807	-0.085621	0.33334	0.40114	0.21961	-0.072457	0.16188	0	0.019248	-0.00067914	0
Q96S96	P49792	0	0	0	5000	0.35358	0.35089	0.51626	-0.065046	0.059914	0.14024	0.36907	0.2913	-0.18422	-0.29188	-0.053871	0.35789	0.44852	0.33922	0.35621	0.21989	0	0.018001	0.20856	0
Q9BUA3	P49792	0.013793	0.076923	0.04375	5000	0.23926	0.30599	0.40758	-0.32803	0.436	0.34844	0.11366	0.2257	0.072649	-0.45575	0.34036	0.33183	-0.7937	0.34742	0.16619	0.413	0	0.10053	0.20282	0
Q9HAH1	P49792	0	1	0	5000	0.37303	-0.060449	0.45645	-0.4285	0.15577	0.06349	0.28878	-0.42215	0.42616	0.3205	-0.14677	0.37903	0.38968	-0.52202	0.39792	0.21798	0	0.036252	0.22247	0
Q9NX24	P49792	0	0	0	5000	-0.14541	-0.30177	0.33706	-0.046352	0.031996	0.0031958	-0.18509	0.33861	0.32645	0.3049	0.41404	-0.090038	0.0075155	-0.12826	0.0047584	0.097533	0	0.075473	0.27485	0
Q9UBE0	P49792	1	1	0	5000	0.3949	-0.21891	0.60343	0.00254	0.13396	-0.037925	-0.23438	0.3272	-0.17004	-0.24453	0.3761	0.34733	-0.15141	0.2227	-0.1471	0.42272	0	0.068758	-0.074362	0
Q9UBT2	P49792	1	1	0	5000	-0.094253	0.53929	0.47983	0.29167	0.43574	0.20685	0.16085	0.64862	0.23799	0.043304	0.15219	0.2243	0.84501	0.50542	0.1506	0.21365	0	0.021178	0.2673	0
Q9UG01	P49792	0	0	0	5000	0.36686	0.33118	0.50423	-0.40189	-0.042193	-0.011175	-0.23272	0.23871	-0.26166	-0.21958	-0.041617	0.41376	-0.22596	0.25086	-0.10912	0	0	0.015105	0.029273	0
