uniprot_id1	uniprot_id2	go_function	go_component	go_process	sequence_similarity	coexpression1	coexpression2	coexpression3	coexpression4	coexpression5	coexpression6	coexpression7	coexpression8	coexpression9	coexpression10	coexpression11	coexpression12	coexpression13	coexpression14	coexpression15	localization	homology_yeast	domain_domain_interaction	score	hprd_flag
F8WD47	P54252	0	0	0	5000	0.32863	0.036534	0.57468	-0.048413	-0.18646	-0.19669	-0.12806	0.52776	-0.29777	0.28208	-0.017366	0.13661	-0.41905	0.31507	0.46844	0.11031	0	0.015568	-0.047606	0
O19064	P54252	0.00055172	0.020234	0.01473	5000	0.47137	0.43704	0.56223	0.38307	0.29875	0.29498	0.35325	0.44636	0.35868	0.3128	0.38018	0.36858	0.54621	0.4435	0.43729	0.067371	0	0.0055997	-0.031725	0
O70551	P54252	0.00055172	0.020234	0.01473	5000	0.47137	0.43704	0.56223	0.38307	0.29875	0.29498	0.35325	0.44636	0.35868	0.3128	0.38018	0.36858	0.54621	0.4435	0.43729	0.067371	0	0.0055997	-0.031725	0
P07108	P54252	0	0	0	5000	-0.20381	-0.027704	0.054983	-0.11763	0.044129	0.047016	0.023873	-0.36222	-0.053214	0.29715	0.25683	-0.095749	-0.53676	-0.074495	-0.0020108	0.20351	0	0.080439	0.095983	0
P24158	P54252	0	1	0	5000	0.038258	0.1389	0.24864	0.17035	0.069425	0.16321	0.044918	0.42431	-0.071923	0.30151	0.28198	0.23588	-0.19592	0.17793	0.043855	0.248	0	0.0858	0.1073	0
P31751	P54252	0	1	1	5000	0.0159	0.22521	0.75505	0.51872	0.16597	-0.16156	0.30627	0.029516	-0.14928	-0.34206	-0.040316	0.090686	-0.35631	0.17591	-0.22869	0.4352	0	0.046023	0.38174	0
P42574	P54252	0	1	2	5000	-0.13579	-0.032614	0.18493	-0.31871	0.19735	0.22224	-0.17352	-0.074023	0.1797	0.17449	0.094178	0.024699	-0.13305	-0.18172	0.32275	0.5456	0	0.091085	0.46885	0
P54252	B1ALL0	0.00055172	0.020234	0.01473	5000	0.47137	0.43704	0.56223	0.38307	0.29875	0.29498	0.35325	0.44636	0.35868	0.3128	0.38018	0.36858	0.54621	0.4435	0.43729	0.067371	0	0.0055997	-0.031725	0
P54252	O94986	0	1	1	5000	0.20595	0.36363	0.74999	0.50692	-0.020537	0.1516	0.049737	0.51903	-0.0013072	0.2877	0.54512	0.098328	0.24732	0.30164	0.43599	0.25597	0	0.018415	0.24833	0
P54252	P08473	0	1	1	5000	0.2008	0.16142	0.08426	0.52645	0.070628	0.095771	-0.044907	-0.29713	-0.17968	0.29808	-0.035279	0.27945	-0.12015	0.1605	-0.036428	0.27611	0	0.046009	0.11876	0
P54252	P0CG30	0	0	1	5000	0.062967	0.31761	0.30796	-0.38479	-0.083747	-0.27527	0.33707	0.14129	0.45311	0.30038	0.64408	0.32907	0.48117	-0.019017	0.33416	0.14708	0	0.076394	0.29873	0
P54252	P0CG48	0	1	1	5000	0.18	0.28534	0.64081	-0.34686	0.10801	-0.081471	0.36175	-0.21185	0.41635	0.16681	0.3784	0.25501	0.54969	0.04227	0.48736	0.43301	0	0.071851	0.26068	0
P54252	P0CG63	0.00055172	0.020234	0.01473	5000	0.47137	0.43704	0.56223	0.38307	0.29875	0.29498	0.35325	0.44636	0.35868	0.3128	0.38018	0.36858	0.54621	0.4435	0.43729	0.067371	0	0.0055997	-0.031725	0
P54252	P29466	0	1	0	5000	-0.029645	-0.17547	0.41309	0.3435	-0.10297	0.11898	-0.15265	-0.15527	0.30178	0.29984	-0.088766	0.12532	0.077359	-0.059632	-0.024056	0.18593	0	0.024641	0.14087	1
P54252	P35711	1	1	0	5000	0.21734	0.090976	0.77147	-0.13921	0.092531	0.13076	0.16679	0.45113	-0.054473	0.11814	-0.11204	0.10049	0.13981	0.35732	-0.034452	0.36651	0	0.086374	0.2759	0
P54252	P43234	0	0	0	5000	0.13059	-0.19461	0.80431	0.41148	0.026993	-0.040698	0.11672	-0.35923	0.44129	0.29153	-0.018847	0.049924	0.67482	-0.025827	0.24735	0.16604	0	0.037386	0.16498	0
P54252	P51665	0	0	1	5000	0.020691	-0.25576	0.19676	0.17812	-0.046374	0.028675	0.2983	-0.24183	0.11589	0.033395	-0.070356	0.083678	0.46359	-0.1234	0.56445	0.16994	0	0.026936	0.12081	1
P54252	P97814	0.00055172	0.020234	0.01473	5000	0.47137	0.43704	0.56223	0.38307	0.29875	0.29498	0.35325	0.44636	0.35868	0.3128	0.38018	0.36858	0.54621	0.4435	0.43729	0.067371	0	0.0055997	-0.031725	0
P54252	Q13643	1	0	0	5000	0.28779	0.24077	0.62492	0.21442	0.010505	-0.13578	0.090814	0.060864	-0.066359	0.28959	-0.21622	0.33583	-0.1351	0.26609	0.015335	0.11047	0	0.013389	-0.0072207	0
P54252	Q14135	2	0	0	5000	-0.037372	-0.0084288	0.65068	0.20669	-0.021708	-0.017602	0.13693	-0.010999	0.30974	0.29277	0.50486	-0.1247	0.050275	-0.028525	0.15619	0.15654	0	0.014077	0.18002	0
P54252	Q14257	0	0	0	5000	-0.26893	-0.36662	0.12774	0.53703	0.35957	0.29383	0.079688	-0.37978	0.18086	0.30554	0.20999	-0.013285	0.69498	-0.052074	0.18471	0.22558	0	0.024305	0.022455	0
P54252	Q14CB8	0	0	0	5000	0.12573	0.15044	0.31974	0.31788	0.13923	0.27472	0.10063	0.060299	0.471	0.31545	-0.3806	0.22895	-0.23411	-0.034556	0.20373	0.11233	0	0.023107	0.1685	1
P54252	Q53HH5	0.0082759	0.04	0.057	5000	-0.1249	-0.15182	0.49923	-0.19737	-0.16976	-0.063401	-0.15766	-0.51456	-0.12999	0.29436	0.14191	-0.27993	-0.088176	0.20731	-0.0063518	0.22111	0	0.085127	0.16372	0
P54252	Q5NF31	0.00055172	0.020234	0.01473	5000	0.47137	0.43704	0.56223	0.38307	0.29875	0.29498	0.35325	0.44636	0.35868	0.3128	0.38018	0.36858	0.54621	0.4435	0.43729	0.067371	0	0.0055997	-0.031725	0
P54252	Q6PIU1	1	0	0	5000	0.36772	0.0047299	0.40704	0.071275	0.12917	0.21768	0.2424	0.56872	-0.24554	0.29979	-0.058825	0.39699	0.68524	0.21263	-0.054562	0.22494	0	0.031565	0.27921	0
P54252	Q7L0J3	0	0	1	5000	0.281	0.21408	0.12466	0.0083522	0.41968	0.38791	0.23941	-0.0095565	0.1978	0.30245	0.11588	-0.13091	0.36112	0.45833	0.37857	0.25834	0	0.091304	0.41054	0
P54252	Q81LC7	0.00055172	0.020234	0.01473	5000	0.47137	0.43704	0.56223	0.38307	0.29875	0.29498	0.35325	0.44636	0.35868	0.3128	0.38018	0.36858	0.54621	0.4435	0.43729	0.067371	0	0.0055997	-0.031725	0
P54252	Q81TK1	0.00055172	0.020234	0.01473	5000	0.47137	0.43704	0.56223	0.38307	0.29875	0.29498	0.35325	0.44636	0.35868	0.3128	0.38018	0.36858	0.54621	0.4435	0.43729	0.067371	0	0.0055997	-0.031725	0
P54252	Q81W18	0.00055172	0.020234	0.01473	5000	0.47137	0.43704	0.56223	0.38307	0.29875	0.29498	0.35325	0.44636	0.35868	0.3128	0.38018	0.36858	0.54621	0.4435	0.43729	0.067371	0	0.0055997	-0.031725	0
P54252	Q81XE3	0.00055172	0.020234	0.01473	5000	0.47137	0.43704	0.56223	0.38307	0.29875	0.29498	0.35325	0.44636	0.35868	0.3128	0.38018	0.36858	0.54621	0.4435	0.43729	0.067371	0	0.0055997	-0.031725	0
P54252	Q8IYF3	0	1	0	5000	0.35109	0.088259	0.61879	-0.23424	0.054639	0.21564	0.042442	0.40124	0.17763	0.058717	0.34054	0.34172	-0.52736	0.070389	0.46844	0.19023	0	0.033404	-0.005302	1
P54252	Q8N5B1	0.00055172	0.020234	0.01473	5000	0.47137	0.43704	0.56223	0.38307	0.29875	0.29498	0.35325	0.44636	0.35868	0.3128	0.38018	0.36858	0.54621	0.4435	0.43729	0.067371	0	0.0055997	-0.031725	0
P54252	Q99720	1	0	0	5000	-0.061458	-0.13632	0.55018	-0.14542	-0.17472	-0.21109	-0.13044	-0.1224	0.27908	0.28872	-0.086782	0.48405	0.40408	0.23224	-0.32218	0.17059	0	0.0348	0.023788	0
P54252	Q9BSU1	0	1	0	5000	0.33995	0.36374	0.71539	-0.011837	0.28111	0.29211	0.33103	0.17472	0.43637	-0.13721	0.35453	0.42046	0.35415	0.33454	0.43023	0.34416	0	0.058604	0.24674	1
P54252	Q9BT73	0.027432	0.038572	0.033108	5000	0.42096	0.39394	0.51334	-0.30937	0.21201	0.25839	-0.05863	0.23159	0.10915	0.13792	0.034645	0.34457	0.53616	0.35678	0.14485	0.32964	0	0.044049	0.10413	0
P54252	Q9PU45	0.00055172	0.020234	0.01473	5000	0.47137	0.43704	0.56223	0.38307	0.29875	0.29498	0.35325	0.44636	0.35868	0.3128	0.38018	0.36858	0.54621	0.4435	0.43729	0.067371	0	0.0055997	-0.031725	0
P54252	Q9UFZ8	0.00055172	0.020234	0.01473	5000	0.47137	0.43704	0.56223	0.38307	0.29875	0.29498	0.35325	0.44636	0.35868	0.3128	0.38018	0.36858	0.54621	0.4435	0.43729	0.067371	0	0.0055997	-0.031725	0
P54252	Q9UQ88	1	0	1	5000	0.078389	0.30295	0.54126	-0.31497	0.43416	0.27221	0.23063	-0.092366	0.094719	0.32869	0.41837	0.42228	0.04765	-0.10992	0.13315	0.55642	0	0.077402	0.22575	0
P54252	Q9Y6N8	0	0	0	5000	0.2666	0.137	0.75277	0.053598	0.22827	-0.15315	0.45972	0.59529	0.40381	0.29139	-0.040647	0.38916	0.52793	0.24803	0.50312	0.48534	0	0.031789	0.14014	0
P54725	P54252	2	1	0	5000	-0.26913	0.028097	0.25106	-0.43115	0.015051	-0.29759	0.34788	0.00062034	0.4086	0.28538	0.37118	0.19649	0.42935	0.025225	0.4444	0.1339	0	0.075532	0.092455	1
P54727	P54252	2	1	2	5000	-0.18085	-0.13049	0.32772	-0.12339	0.16219	0.050383	0.055561	-0.3434	-0.028073	-0.20263	-0.11066	0.30646	0.11879	0.020161	0.46161	0.24105	0	0.034996	0.3514	1
P55072	P54252	1	1	1	5000	-0.01227	0.030045	0.51255	-0.51375	0.15568	-0.14679	0.19163	-0.44527	-0.29108	0.29047	-0.43169	-0.035777	-0.55265	0.16907	-0.051586	0.36605	0	0.086938	0.2671	0
P67936	P54252	0	0	0	5000	0.28406	-0.014455	0.17253	-0.20195	-0.2306	0.11358	0.036689	-0.24315	0.49923	0.30296	-0.20616	0.33098	0.48094	-0.11075	0.12263	0.14005	0	0.021289	0.079827	0
Q01844	P54252	2	1	1	5000	-0.20343	0.37276	0.41017	-0.43394	0.17384	0.095359	0.59641	-0.21962	0.1764	0.059133	-0.043406	0.32366	0.30558	-0.19619	0.43992	0.40293	0	0.042707	0.27371	0
Q13889	P54252	2	0	1	5000	0.20482	0.28663	0.69547	0.41948	0.44505	0.33196	-0.060371	0.40338	0.049861	0.29649	0.43166	0.36959	0.64684	0.33293	-0.066636	0.053135	0	0.029361	0.21537	0
Q14739	P54252	0	1	0	5000	0.068634	-0.14897	-0.18343	0.11176	0.23625	0.19448	0.019372	-0.22482	0.44956	0.3047	-0.054512	0.32327	0.27928	-0.0017782	-0.053623	0.12353	0	0.018752	0.18706	0
Q6DFL5	P54252	0.00055172	0.020234	0.01473	5000	0.47137	0.43704	0.56223	0.38307	0.29875	0.29498	0.35325	0.44636	0.35868	0.3128	0.38018	0.36858	0.54621	0.4435	0.43729	0.067371	0	0.0055997	-0.031725	0
Q7CGI0	P54252	0.00055172	0.020234	0.01473	5000	0.47137	0.43704	0.56223	0.38307	0.29875	0.29498	0.35325	0.44636	0.35868	0.3128	0.38018	0.36858	0.54621	0.4435	0.43729	0.067371	0	0.0055997	-0.031725	0
Q7CHV7	P54252	0.00055172	0.020234	0.01473	5000	0.47137	0.43704	0.56223	0.38307	0.29875	0.29498	0.35325	0.44636	0.35868	0.3128	0.38018	0.36858	0.54621	0.4435	0.43729	0.067371	0	0.0055997	-0.031725	0
Q7CI85	P54252	0.00055172	0.020234	0.01473	192	0.47137	0.43704	0.56223	0.38307	0.29875	0.29498	0.35325	0.44636	0.35868	0.3128	0.38018	0.36858	0.54621	0.4435	0.43729	0.067371	0	0.0055997	-0.072329	0
Q81P37	P54252	0.00055172	0.020234	0.01473	5000	0.47137	0.43704	0.56223	0.38307	0.29875	0.29498	0.35325	0.44636	0.35868	0.3128	0.38018	0.36858	0.54621	0.4435	0.43729	0.067371	0	0.0055997	-0.031725	0
Q81PH4	P54252	0.00055172	0.020234	0.01473	5000	0.47137	0.43704	0.56223	0.38307	0.29875	0.29498	0.35325	0.44636	0.35868	0.3128	0.38018	0.36858	0.54621	0.4435	0.43729	0.067371	0	0.0055997	-0.031725	0
Q81U80	P54252	0.00055172	0.020234	0.01473	5000	0.47137	0.43704	0.56223	0.38307	0.29875	0.29498	0.35325	0.44636	0.35868	0.3128	0.38018	0.36858	0.54621	0.4435	0.43729	0.067371	0	0.0055997	-0.031725	0
Q8CKN5	P54252	0.00055172	0.020234	0.01473	5000	0.47137	0.43704	0.56223	0.38307	0.29875	0.29498	0.35325	0.44636	0.35868	0.3128	0.38018	0.36858	0.54621	0.4435	0.43729	0.067371	0	0.0055997	-0.031725	0
Q8IX15	P54252	1	0	0	5000	0.39474	0.32156	0.39316	0.22738	0.24182	0.020912	-0.10045	0.34574	-0.048744	-0.14356	0.3592	0.40515	0.74306	0.43434	-0.15908	0.22088	0	0.025831	0.10567	0
Q8N1B4	P54252	0	0	0	5000	-0.16941	0.21853	0.21687	0.13617	0.24293	-0.13674	0.032164	0.26309	0.19004	0.29256	0.13096	-0.25112	0.66336	0.12951	-0.026638	0.17343	0	0.042572	0.080592	0
Q8NDZ0	P54252	0.0045977	0.076923	0.0125	5000	0.46999	0.49333	0.5897	-0.11215	0.30014	0.28755	0.34474	0.50431	0.44915	0.25877	0.53941	0.36768	0.48345	0.50094	0.47562	0.34395	0	0.030839	0.10719	0
Q8TB52	P54252	0	0	0	5000	0.2957	0.3728	0.42029	-0.33984	0.12311	0.086321	-0.048573	0.16903	0.2328	-0.014488	-0.049944	0.34777	0.4467	0.29507	0.072346	0.19896	0	0.025614	0.059335	0
Q8TEL6	P54252	0	1	0	5000	-0.13299	-0.05144	0.7585	0.17658	0.21796	-0.044675	0.12633	0.19358	-0.39668	0.33597	-0.31283	0.18923	-0.52092	0.022988	0.28301	0.45209	0	0.029961	0.31707	0
Q8WW36	P54252	0	0	0	5000	0.42898	0.34544	0.48269	-0.04593	0.31519	0.33123	0.38466	0.42531	0.44204	0.30753	0.33689	0.34807	0.43444	0.46473	0.49301	0.40285	0	0.019881	0.031463	0
Q9BY44	P54252	0	1	1	5000	0.33466	0.38251	0.53831	-0.44764	-0.080861	0.013305	0.010205	0.20298	0.26344	-0.048043	-0.16958	0.30159	0.32386	0.34507	-0.067907	0.34215	0	0.061879	0.20371	0
Q9NR30	P54252	0	0	0	5000	-0.14071	-0.1677	0.6171	-0.41694	0.028979	0.058352	0.031035	-0.19529	0.15623	0.15267	-0.23651	0.42914	0.29558	-0.1967	-0.29627	0.14154	0	0.026412	-0.024243	0
Q9NRD5	P54252	1	1	1	5000	0.35368	0.44479	0.70666	0.0030333	0.17579	-0.14545	0.48316	0.32025	-0.17696	0.35271	0.12	0.2772	-0.21201	-0.14763	0.26558	0.63383	0	0.068216	0.07492	0
Q9UIJ5	P54252	0	0	0	5000	0.38402	0.41488	0.50186	-0.2895	0.34603	0.32167	0.44316	0.46509	0.48514	-0.16665	-0.20243	0.38673	0.3921	0.42525	0.5179	0.23557	0	0.048149	0.23725	0
Q9UMX0	P54252	0	1	1	5000	0.29029	0.33055	0.46356	-0.01689	0.42928	0.076827	0.080077	0.26939	-0.22348	-0.16255	0.39377	0.33418	-0.040589	0.33821	-0.089825	0.38176	0	0.09215	0.26079	1
