uniprot_id1	uniprot_id2	go_function	go_component	go_process	sequence_similarity	coexpression1	coexpression2	coexpression3	coexpression4	coexpression5	coexpression6	coexpression7	coexpression8	coexpression9	coexpression10	coexpression11	coexpression12	coexpression13	coexpression14	coexpression15	localization	homology_yeast	domain_domain_interaction	score	hprd_flag
O75716	Q10588	0	0	0	5000	-0.16448	0.15666	0.0024059	-0.18802	-0.099437	-0.02016	0.24296	-0.0050789	-0.33626	0.29792	0.46298	-0.088883	-0.66533	-0.030314	-0.071982	0.10996	0	0	0.051022	0
P07357	Q10588	0	0	0	5000	0.16734	0.023501	0.020081	-0.1367	-0.09479	0.077687	0.31803	-0.15157	0.43814	0.31159	-0.034118	0.072958	0.45771	0.19199	0.40204	0.15792	0	0.021938	0.14108	0
P30455	Q10588	0	0	0	5000	0.26577	0.47823	0.55928	0.4312	0.41201	0.38808	0.37428	0.4443	0.51697	0.40478	0.39034	0.38049	0.3826	0.46858	0.45595	0.21478	0	0.003394	0.075338	0
P35969	Q10588	0.00055172	0.020234	0.01473	5000	0.47137	0.43704	0.56223	0.38307	0.29875	0.29498	0.35325	0.44636	0.35868	0.3128	0.38018	0.36858	0.54621	0.4435	0.43729	0.067371	0	0.0055997	-0.031725	0
Q03135	Q10588	0	0	1	5000	-0.077901	0.071831	-0.093464	-0.24054	0.52574	0.18796	0.013087	-0.097757	0.43586	0.30578	0.36374	-0.28218	-0.48036	0.36889	0.24439	0.4617	0	0.1038	0.59785	1
Q03167	Q10588	0	0	0	5000	0.085146	0.18226	-0.061166	-0.15442	0.040011	-0.20743	0.28121	0.2161	0.056179	0.29889	0.20003	-0.19686	-0.40382	0.27214	-0.28374	0.12144	0	0.021001	0.18939	0
Q10588	A6NI72	0	0	0	5000	0.37154	0.43414	0.54667	0.37578	0.49454	0.43983	0.42788	0.45743	0.36283	0.38068	0.49428	0.39004	0.50277	0.4907	0.45079	0.10304	0	0	0.10468	0
Q10588	B1APC6	0.0082759	0.024615	0.03825	5000	-0.017081	-0.18995	0.15765	0.22497	-0.18496	-0.074581	-0.13044	0.012371	0.36219	0.30189	0.073553	-0.041469	-0.099427	-0.12862	0.084425	0.12353	0	0.018752	0.13478	0
Q10588	B9A6J6	0.0051494	0.016	0.019852	5000	0.084751	-0.11218	-0.014514	-0.09011	0.068218	-0.0028991	0.44661	0.28512	0.29459	0.31483	0.032793	0.0092231	0.047112	0.2696	0.48048	0.15942	0	0	0.17394	0
Q10588	P0CE71	0	0	0	5000	0.10123	-0.038109	0.1057	0.054217	-0.1973	0.18252	0.31803	-0.2224	0.41353	0.3159	0.10648	0.058598	0.52034	0.10972	0.40204	0.15792	0	0	0.177	0
Q10588	P24530	0	0	1	5000	-0.028479	0.13611	-0.041729	-0.11071	0.44804	-0.13195	0.47096	-0.12849	0.11404	0.31665	0.087881	0.093618	-0.60618	0.29503	0.75034	0.4386	0	0.05183	0.15708	0
Q10588	P35248	0.00055172	0.020234	0.01473	5000	0.47137	0.43704	0.56223	0.38307	0.29875	0.29498	0.35325	0.44636	0.35868	0.3128	0.38018	0.36858	0.54621	0.4435	0.43729	0.067371	0	0.0055997	-0.031725	0
Q10588	P38817	0.00055172	0.020234	0.01473	5000	0.47137	0.43704	0.56223	0.38307	0.29875	0.29498	0.35325	0.44636	0.35868	0.3128	0.38018	0.36858	0.54621	0.4435	0.43729	0.067371	0	0.0055997	-0.031725	0
Q10588	P39958	0.00055172	0.020234	0.01473	5000	0.47137	0.43704	0.56223	0.38307	0.29875	0.29498	0.35325	0.44636	0.35868	0.3128	0.38018	0.36858	0.54621	0.4435	0.43729	0.067371	0	0.0055997	-0.031725	0
Q10588	P42898	0	0	0	5000	0.33676	-0.012598	0.064913	-0.059112	-0.16035	-0.1076	0.41198	-0.1763	0.42787	0.30367	0.021913	0.047443	-0.56514	0.21649	0.32954	0.10531	0	0.020131	-0.025065	0
Q10588	P46933	0.00055172	0.020234	0.01473	5000	0.47137	0.43704	0.56223	0.38307	0.29875	0.29498	0.35325	0.44636	0.35868	0.3128	0.38018	0.36858	0.54621	0.4435	0.43729	0.067371	0	0.0055997	-0.031725	0
Q10588	P58012	0	0	0	5000	0.34805	-0.099695	0.076211	0.066338	-0.013075	0.086785	0.29209	-0.23602	0.38186	0.31901	0.016113	0.34961	0.38969	0.27118	0.39117	0.13077	0	0.016977	0.034324	0
Q10588	P80317	0.00055172	0.020234	0.01473	5000	0.47137	0.43704	0.56223	0.38307	0.29875	0.29498	0.35325	0.44636	0.35868	0.3128	0.38018	0.36858	0.54621	0.4435	0.43729	0.067371	0	0.0055997	-0.031725	0
Q10588	P97697	0.00055172	0.020234	0.01473	245	0.47137	0.43704	0.56223	0.38307	0.29875	0.29498	0.35325	0.44636	0.35868	0.3128	0.38018	0.36858	0.54621	0.4435	0.43729	0.067371	0	0.0055997	-0.071882	0
Q10588	Q01484	0	0	0	518	0.11979	0.3413	-0.076498	-0.2585	0.52456	0.19065	0.14377	0.35598	0.50098	0.29213	0.48142	-0.097329	-0.29724	0.1874	0.66222	0.14936	0	0	0.44563	0
Q10588	Q16540	0	1	0	5000	-0.089521	0.032709	-0.043816	-0.31108	-0.28031	-0.067379	0.098848	0.1502	0.054408	0.28951	0.13138	0.2825	-0.058836	0.012055	0.08751	0.13468	0	0	0.087522	0
Q10588	Q6ZMP8	0	0	0	5000	0.26577	0.47823	0.55928	0.4312	0.41201	0.38808	0.37428	0.4443	0.51697	0.40478	0.39034	0.38049	0.3826	0.46858	0.45595	0.21478	0	0.003394	0.075338	0
Q10588	Q7L0J3	0	0	0	5000	0.18418	-0.0215	-0.10782	-0.050853	0.38433	0.29798	0.35273	-0.41333	0.31672	0.29765	0.41597	-0.1715	0.48671	-0.073903	0.43801	0.068024	0	0.018059	0.5221	0
Q10588	Q81ZC9	0.00055172	0.020234	0.01473	5000	0.47137	0.43704	0.56223	0.38307	0.29875	0.29498	0.35325	0.44636	0.35868	0.3128	0.38018	0.36858	0.54621	0.4435	0.43729	0.067371	0	0.0055997	-0.031725	0
Q10588	Q86WT6	0	0	0	5000	0.30691	0.39782	0.46173	-0.14607	0.37664	0.10927	0.24604	0.27319	0.28898	0.29146	0.43867	0.34442	-0.4	0.36898	0.0067048	0.19517	0	0	-0.042023	0
Q10588	Q8NDI1	0	0	0	5000	-0.011973	-0.27791	-0.11974	0.20623	0.019099	0.13566	-0.028594	0.2854	0.15858	0.31322	0.094681	-0.27151	-0.29503	0.055695	-0.47325	0.094531	0	0	0.34557	0
Q10588	Q96M11	0	0	1	5000	0.21612	0.28457	0.40993	-0.18101	0.32735	0.3382	0.17316	0.32675	-0.08277	0.30369	-0.2283	0.23089	0.11968	0.416	0.072426	0.5666	0	0.10777	0.2429	0
Q10588	Q9BVH7	0	0	0	5000	0.28006	0.20536	0.016067	0.1246	0.033089	-0.026406	0.19824	-0.12956	0.21146	0.30661	-0.19661	0.33716	0.1614	0.29397	0.10635	0.10311	0	0.016424	-0.0031395	0
Q10588	Q9P281	0	0	0	5000	0.3885	-0.062351	0.002098	0.25974	0.0067954	-0.054743	-0.27454	0.30792	0.039602	0.30032	0.32391	0.32364	-0.16169	0.092489	-0.41001	0.16113	0	0.02019	0.032653	0
Q15327	Q10588	0	0	0	5000	0.14612	-0.067205	0.049696	-0.11073	-0.012071	-0.26364	0.075078	-0.033028	0.21126	0.30706	-0.17189	0.19523	0.16785	0.2223	-0.093735	0.11969	0	0	0.089697	0
Q5NET8	Q10588	0.00055172	0.020234	0.01473	5000	0.47137	0.43704	0.56223	0.38307	0.29875	0.29498	0.35325	0.44636	0.35868	0.3128	0.38018	0.36858	0.54621	0.4435	0.43729	0.067371	0	0.0055997	-0.031725	0
Q60870	Q10588	0.00055172	0.020234	0.01473	5000	0.47137	0.43704	0.56223	0.38307	0.29875	0.29498	0.35325	0.44636	0.35868	0.3128	0.38018	0.36858	0.54621	0.4435	0.43729	0.067371	0	0.0055997	-0.031725	0
Q66JA8	Q10588	0.00055172	0.020234	0.01473	5000	0.47137	0.43704	0.56223	0.38307	0.29875	0.29498	0.35325	0.44636	0.35868	0.3128	0.38018	0.36858	0.54621	0.4435	0.43729	0.067371	0	0.0055997	-0.031725	0
Q6FHD0	Q10588	0.0078161	0.023385	0.0225	5000	0.27662	-0.16533	-0.1201	0.27725	0.15083	0.069231	0.36377	-0.39895	0.39721	0.3001	0.52165	-0.030774	0.43378	-0.2694	0.31195	0.15157	0	0.023072	0.32858	0
Q7KZN9	Q10588	0	0	0	5000	0.28006	-0.43173	0.07108	-0.10445	-0.27795	-0.26264	0.24773	0.13197	-0.081752	0.28951	-0.11724	0.38145	-0.10011	0.019528	-0.064724	0.13468	0	0	0.26704	0
Q89246	Q10588	0.00055172	0.020234	0.01473	5000	0.47137	0.43704	0.56223	0.38307	0.29875	0.29498	0.35325	0.44636	0.35868	0.3128	0.38018	0.36858	0.54621	0.4435	0.43729	0.067371	0	0.0055997	-0.031725	0
Q8NEB9	Q10588	0	0	0	5000	0.090518	0.12012	0.11605	0.13123	0.23497	0.24795	-0.18217	0.11088	-0.00782	0.30482	0.053712	0.016911	-0.082618	0.14787	0.35115	0.17404	0	0.034063	0.14348	0
Q8TDB8	Q10588	1	0	0	5000	0.38851	0.10506	0.24734	0.2891	0.19245	-0.060332	0.27801	-0.22325	0.42279	0.34962	0.387	0.3665	-0.45822	0.15148	0.54224	0.35893	0	0	-0.23261	0
Q8TES4	Q10588	0.00055172	0.020234	0.01473	351	0.47137	0.43704	0.56223	0.38307	0.29875	0.29498	0.35325	0.44636	0.35868	0.3128	0.38018	0.36858	0.54621	0.4435	0.43729	0.067371	0	0.0055997	-0.070987	0
Q9UJT2	Q10588	0	0	0	5000	0.42637	0.18584	-0.013107	0.02701	-0.0057677	-0.16073	0.21168	0.080155	0.44773	0.34264	0.44518	0.40166	0.28383	0.31805	0.46996	0.34868	0	0.03108	0.021071	0
Q9Y2L1	Q10588	0	0	0	5000	-0.027785	-0.31176	0.055841	0.19986	-0.046715	-0.13493	-0.43481	-0.16864	-0.050758	0.30132	0.2118	0.17623	-0.56285	0.14492	0.045602	0.16409	0	0	-0.016777	0
