uniprot_id1	uniprot_id2	go_function	go_component	go_process	sequence_similarity	coexpression1	coexpression2	coexpression3	coexpression4	coexpression5	coexpression6	coexpression7	coexpression8	coexpression9	coexpression10	coexpression11	coexpression12	coexpression13	coexpression14	coexpression15	localization	homology_yeast	domain_domain_interaction	score	hprd_flag
A6NIW1	Q15645	0.010575	0.036923	0.04875	5000	0.03491	-0.024408	0.22124	-0.084058	-0.18801	0.048796	-0.17001	-0.24385	-0.046645	0.29111	0.31874	-0.051502	0.21121	0.042557	-0.005037	0.2637	0	0.081884	0.081025	1
O15539	Q15645	0	0	0	5000	0.003701	-0.055088	0.29469	-0.1363	-0.324	-0.21396	0.11916	-0.44947	-0.28067	0.29715	0.25038	0.19217	-0.92642	-0.55901	-0.32258	0.16409	0	0.080439	-0.094609	0
O95630	Q15645	0	1	1	5000	0.061349	-0.55439	0.57721	-0.00013532	0.24802	0.12356	-0.016614	-0.30664	0.3277	0.28876	-0.5056	0.05082	-0.11165	0.62487	-0.32739	0.57575	0	0.088836	0.60538	0
P00587	Q15645	0.00055172	0.020234	0.01473	5000	0.47137	0.43704	0.56223	0.38307	0.29875	0.29498	0.35325	0.44636	0.35868	0.3128	0.38018	0.36858	0.54621	0.4435	0.43729	0.067371	0	0.0055997	-0.031725	0
P03114	Q15645	0.00055172	0.020234	0.01473	5000	0.47137	0.43704	0.56223	0.38307	0.29875	0.29498	0.35325	0.44636	0.35868	0.3128	0.38018	0.36858	0.54621	0.4435	0.43729	0.067371	0	0.0055997	-0.031725	0
P08588	Q15645	0	1	1	5000	-0.17167	0.30083	0.51191	-0.067586	0.10752	0.10359	0.11095	0.12305	0.01549	0.29047	-0.067017	0.22926	-0.29221	-0.27313	0.11664	0.40605	0	0.086938	0.16105	0
P14209	Q15645	0	0	0	5000	0.03491	-0.024408	0.22124	-0.084058	-0.18801	0.048796	-0.17001	-0.24385	-0.046645	0.30595	0.31874	-0.051502	0.21121	0.042557	-0.005037	0.19053	0	0.075714	0.079974	0
P34246	Q15645	0.00055172	0.020234	0.01473	5000	0.47137	0.43704	0.56223	0.38307	0.29875	0.29498	0.35325	0.44636	0.35868	0.3128	0.38018	0.36858	0.54621	0.4435	0.43729	0.067371	0	0.0055997	-0.031725	0
P45452	Q15645	0	0	0	5000	0.033058	0.011654	0.48271	0.5228	0.15301	0.06786	0.21699	0.48429	0.12453	0.32569	0.38066	-0.25076	0.42031	0.19728	-0.090187	0.13078	0	0.015571	0.1968	0
P53672	Q15645	0	0	0	5000	0.30138	0.31939	0.32901	0.65475	0.068124	-0.082612	0.36307	0.45177	0.37372	0.3236	0.011295	0.21883	0.31393	0.27862	0.32292	0.16249	0	0.020174	-0.006327	0
Q01543	Q15645	0	0	1	5000	-0.2354	0.29588	0.39261	0.14971	-0.40394	-0.084575	-0.060754	0.43438	0.43387	0.2904	0.42694	0.26241	-0.7676	-0.57105	-0.12989	0.20319	0	0.025563	0.044758	0
Q13286	Q15645	0	1	1	5000	0.095876	0.3893	0.60683	0.14698	0.17542	0.21434	-0.02096	-0.26105	0.20088	0.24941	0.38064	-0.074067	0.32252	0.068613	0.1889	0.2957	0	0.037036	0.29636	0
Q13572	Q15645	0	1	0	5000	0.021615	-0.0089978	0.28857	0.51775	-0.057506	0.01047	0.25702	0.35952	0.027969	0.30556	-0.23154	-0.44223	0.58042	-0.4545	-0.21657	0.23361	0	0.043711	0.52556	0
Q15019	Q15645	0	1	1	5000	0.09295	0.041063	0.3501	-0.081154	0.12068	0.21376	-0.19025	-0.60352	0.25178	0.29433	-0.28201	0.013096	0.051123	0.34967	-0.18079	0.43954	0	0.10139	0.3123	0
Q15038	Q15645	0	1	1	5000	-0.075497	0.41233	-0.075922	0.071757	-0.13394	-0.25291	-0.13427	-0.55903	-0.25223	0.28857	0.2811	-0.26002	-0.79197	-0.14911	0.086812	0.33169	0	0.093033	0.001999	0
Q15645	A0EJG6	0.0046897	0.028308	0.028602	5000	0.00086706	-0.07161	0.053765	0.6245	-0.12871	-0.1353	0.39595	0.40544	0.062245	0.30876	-0.17959	-0.18366	-0.023272	-0.023114	-0.092618	0.11024	0	0.016391	0.33656	1
Q15645	A6NGD3	0.0051494	0.052923	0.0294	5000	0.31783	0.20966	0.58025	-0.03849	-0.24755	-0.28495	-0.23357	0.25768	0.014206	0.30417	-0.031446	0.32714	0.13079	0.38473	0.11348	0.18956	1	0.081216	0.20664	1
Q15645	A8K5C2	0.024423	0.083077	0.03345	5000	0.35605	0.20703	0.58038	-0.21069	-0.065949	-0.17417	-0.088558	0.6589	0.060078	0.2771	-0.15198	0.3986	0.47645	0.44969	-0.09663	0.38376	0	0.034345	0.20311	1
Q15645	B3KUN1	0.010575	0.052308	0.071	5000	-0.039081	0.29198	0.24789	-0.26769	0.23106	0.14652	-0.13025	-0.55283	0.041937	0.28962	0.28305	-0.10647	-0.23938	0.20809	0.080818	0.22854	0	0.094053	0.20289	0
Q15645	C9JIM0	0	0	0	5000	0.35594	-0.13249	0.455	0.14925	-0.080826	-0.22534	-0.031579	-0.12612	-0.020593	0.29044	-0.66611	0.32209	0.87706	0.16409	0.16418	0.23279	0	0.025392	0.11808	1
Q15645	E9PAT7	0	0	1	5000	-0.012909	-0.1761	0.43515	0.18596	0.20774	0.13211	0.30255	-0.13383	0.4487	0.28383	0.38349	0.1717	0.44935	0.53034	0.40928	0.15673	0	0.037546	0.23849	0
Q15645	E9PHR9	0.0068966	0.018462	0.027	5000	0.33628	0.02142	0.57023	-0.37187	-0.26801	-0.1989	0.3268	-0.46353	0.42056	0.29241	0.078795	0.41315	0.3172	-0.63419	0.34846	0.12531	0	0.019457	0.054706	1
Q15645	F1D8S4	0.0082759	0.024615	0.03825	5000	-0.16327	0.15919	0.51191	-0.18587	-0.021458	-0.16959	0.040567	-0.090895	0.11727	0.30158	-0.49977	0.16927	-0.63733	0.15843	-0.15526	0.17628	0	0.015158	0.035108	0
Q15645	O00746	0	1	0	5000	-0.056338	0.43715	0.11094	-0.042498	0.0091618	-0.12452	0.30077	-0.10047	-0.19481	0.27956	-0.1625	0.074737	0.28888	0.44314	-0.3069	0.36569	0	0.0724	0.057397	1
Q15645	O15389	0	0	0	5000	0.36625	-0.27594	0.63046	0.23084	0.32637	0.065977	0.33248	0.59108	0.44477	0.3161	-0.018197	0.39643	-0.46378	-0.26697	0.13067	0.38175	0	0.033792	-0.042325	1
Q15645	O43323	1	1	0	5000	0.0097991	0.40185	0.54792	0.57141	0.36354	0.27126	0.42946	0.31575	0.35769	0.3049	0.39994	-0.026582	0.36066	0.45589	0.47634	0.35556	0	0.038536	0.21444	0
Q15645	O60260	0	1	1	5000	-0.044595	-0.089198	0.59856	0.15504	-0.083238	0.026187	0.34196	-0.28498	-0.033325	0.27726	-0.38472	0.20182	0.29873	-0.21299	-0.090187	0.1739	0	0.024246	0.28553	0
Q15645	O60269	0.013885	0.074462	0.028602	5000	-0.033649	-0.35524	0.51853	0.4859	0.035269	0.21227	0.46249	0.34997	0.30127	0.28516	0.14018	-0.15706	0.24564	-0.2823	0.54083	0.35737	0	0.024793	0.22235	1
Q15645	O70469	0.00055172	0.020234	0.01473	5000	0.47137	0.43704	0.56223	0.38307	0.29875	0.29498	0.35325	0.44636	0.35868	0.3128	0.38018	0.36858	0.54621	0.4435	0.43729	0.067371	0	0.0055997	-0.031725	0
Q15645	O95486	0	0	0	575	-0.20309	-0.3135	0.62668	0.014624	0.13639	0.21141	-0.057594	-0.25183	-0.093709	0.28964	-0.04965	0.050093	-0.27509	0.41292	-0.1212	0.20556	0	0.035124	0.1266	1
Q15645	O95865	0	1	0	5000	0.072494	0.47693	0.22989	-0.095098	0.0019267	-0.33223	-0.18384	-0.21932	0.046825	0.29299	0.073459	-0.12334	0.16503	-0.083488	-0.02297	0.15385	0	0.030566	-0.10397	1
Q15645	O95990	0	0	1	5000	0.028326	0.13503	0.038867	0.1715	-0.51045	0.02663	0.1287	0.29662	-0.017585	0.29702	0.47691	-0.34901	-0.1707	-0.64147	-0.095486	0.31104	0	0.080374	0.35764	0
Q15645	P00338	0	0	0	5000	0.1786	-0.32007	0.14986	0.36647	0.33575	0.23394	0.27737	-0.39829	-0.23825	0.30788	-0.099162	0.61263	0.55906	0.54519	0.14715	0.14026	0	0.036658	0.3	0
Q15645	P02787	0	1	0	5000	-0.04237	-0.055039	-0.048687	0.070438	-0.27475	0.093144	0.20474	0.78963	0.24354	0.302	0.02351	-0.12984	-0.34606	0.28097	-0.03318	0.27057	0	0.032443	0.36043	0
Q15645	P07902	0	0	0	5000	-0.12905	0.29922	0.31941	0.077022	0.14843	0.15658	0.068157	0.17486	0.087939	0.29436	0.13796	-0.15421	-0.25413	-0.16817	-0.23763	0.11609	0	0.030142	0.09461	1
Q15645	P20333	0	1	0	5000	0.061278	-0.19174	-0.0083461	0.54232	-0.28096	-0.015719	0.089417	0.31504	-0.10723	0.32717	0.28638	-0.12974	0.44492	-0.38853	0.10697	0.16275	0	0.030051	0.37197	0
Q15645	P21964	0	0	0	5000	0.2301	0.6074	0.12079	-0.096441	0.064025	0.16296	0.18978	-0.29824	0.17817	0.28853	-0.45914	0.19899	-0.12323	-0.18184	-0.035809	0.16355	0	0.023599	0.066337	1
Q15645	P23141	0	0	0	5000	-0.01525	0.27269	-0.046978	-0.1241	-0.38681	0.013026	0.32638	0.20131	0.42535	0.30913	-0.042102	-0.082025	0.42509	-0.38748	0.35783	0.19792	0	0.02185	0.28544	0
Q15645	P30039	0	0	0	5000	0.35594	-0.13249	0.455	0.14925	-0.080826	-0.22534	-0.031579	-0.12612	-0.020593	0.29044	-0.66611	0.32209	0.87706	0.16409	0.16418	0.23279	0	0.025392	0.11808	0
Q15645	P49137	0	2	1	5000	0.03593	-0.04476	0.49125	-0.027987	0.098335	0.05471	0.063518	0.10143	-0.08021	0.28435	0.41524	0.029736	0.55602	0.21503	-0.40247	0.45859	0	0.068259	0.38465	0
Q15645	P50995	0	1	0	5000	-0.083796	-0.40493	-0.058519	0.038763	-0.20945	-0.34508	0.099771	-0.33479	-0.15915	0.28656	-0.48177	-0.19856	-0.038514	-0.34782	0.16988	0.11609	0	0.088469	0.31522	0
Q15645	P77819	0.00055172	0.020234	0.01473	5000	0.47137	0.43704	0.56223	0.38307	0.29875	0.29498	0.35325	0.44636	0.35868	0.3128	0.38018	0.36858	0.54621	0.4435	0.43729	0.067371	0	0.0055997	-0.031725	0
Q15645	P82921	0	0	0	5000	0.348	0.39741	0.53863	-0.0067484	-0.009152	-0.17579	0.15168	0.1989	-0.054943	0.30299	-0.083767	0.46759	-0.025165	0.32199	-0.12377	0.28923	0	0.029352	-0.04561	0
Q15645	Q13228	0	1	0	5000	-0.021911	-0.0073067	0.050043	-0.10081	-0.23069	-0.19562	0.12707	-0.34604	-0.11217	0.28478	0.29167	-0.27684	0.34813	-0.62279	-0.4513	0.24064	0	0.041054	0.32558	1
Q15645	Q13444	0	1	0	5000	0.24504	0.27897	0.22522	0.091937	0.062826	-0.023711	0.47185	0.26802	0.073921	0.28418	0.13796	0.11474	-0.058504	0.2512	-0.31011	0.19127	0	0.03466	0.14725	0
Q15645	Q14194	0	1	0	5000	0.00086706	-0.07161	0.053765	0.6245	-0.12871	-0.1353	0.39595	0.40544	0.062245	0.33091	-0.17959	-0.18366	-0.023272	-0.023114	-0.092618	0.17984	0	0.016811	0.45794	0
Q15645	Q14847	0	1	0	5000	0.15576	-0.37554	0.068324	0.21416	0.016536	-0.13463	0.39064	-0.3939	0.44878	0.31205	-0.047042	0.20861	0.43046	0.24976	0.43651	0.15681	0	0.035574	0.24376	1
Q15645	Q15013	0	1	1	5000	-0.012909	-0.1761	0.43515	0.18596	0.20774	0.13211	0.25912	-0.13383	0.36627	0.29315	0.38349	0.1717	0.2897	0.53034	0.36212	0.22421	0	0.03583	0.32462	1
Q15645	Q16627	0	0	0	5000	-0.042926	0.27248	0.3935	-0.010089	-0.54591	-0.13753	0.27408	0.13874	-0.040179	0.28083	0.33701	-0.14236	0.43214	-0.49744	-0.19729	0.1812	0	0.022056	0.10798	0
Q15645	Q495M3	0	0	0	5000	0.25741	-0.25942	-0.21706	0.11348	0.36135	0.31747	0.1922	0.17942	0.079307	0.30847	0.4397	0.2388	-0.38019	0.036122	-0.16942	0.4171	0	0.08265	0.10876	0
Q15645	Q569H2	0.00055172	0.020234	0.01473	5000	0.47137	0.43704	0.56223	0.38307	0.29875	0.29498	0.35325	0.44636	0.35868	0.3128	0.38018	0.36858	0.54621	0.4435	0.43729	0.067371	0	0.0055997	-0.031725	0
Q15645	Q5NFX6	0.00055172	0.020234	0.01473	5000	0.47137	0.43704	0.56223	0.38307	0.29875	0.29498	0.35325	0.44636	0.35868	0.3128	0.38018	0.36858	0.54621	0.4435	0.43729	0.067371	0	0.0055997	-0.031725	0
Q15645	Q5NH71	0.00055172	0.020234	0.01473	5000	0.47137	0.43704	0.56223	0.38307	0.29875	0.29498	0.35325	0.44636	0.35868	0.3128	0.38018	0.36858	0.54621	0.4435	0.43729	0.067371	0	0.0055997	-0.031725	0
Q15645	Q5UIP0	0	0	1	5000	0.18261	0.40414	0.42848	0.13212	0.24825	0.1349	-0.078902	0.57364	-0.05699	0.27453	0.3477	-0.070476	0.058063	0.53628	0.19338	0.62586	0	0.10783	0.1377	0
Q15645	Q5VUD6	0	0	0	5000	0.3705	0.37028	0.40321	0.24077	0.039278	0.076928	-0.12626	0.22996	-0.18612	0.26227	0.46059	0.30042	0.51999	0.38901	0.043265	0.25729	0	0.026631	-0.010099	0
Q15645	Q6FI51	0.00055172	0.020234	0.01473	5000	0.47137	0.43704	0.56223	0.38307	0.29875	0.29498	0.35325	0.44636	0.35868	0.3128	0.38018	0.36858	0.54621	0.4435	0.43729	0.067371	0	0.0055997	-0.031725	0
Q15645	Q6X735	0.012414	0.08	0.0395	5000	0.18643	-0.095055	0.027064	-0.44754	0.39971	0.33778	0.09568	-0.42487	0.026665	0.31437	0.41768	0.29949	-0.085	0.62682	-0.09465	0.33653	0	0.088135	0.44658	1
Q15645	Q76MZ3	0.00055172	0.020234	0.01473	5000	0.47137	0.43704	0.56223	0.38307	0.29875	0.29498	0.35325	0.44636	0.35868	0.3128	0.38018	0.36858	0.54621	0.4435	0.43729	0.067371	0	0.0055997	-0.031725	1
Q15645	Q8N6F7	0	0	0	5000	0.3926	0.39953	0.51993	0.6303	0.32338	0.22642	0.27985	0.5281	0.096171	0.35179	0.45038	0.3821	0.57888	0.49773	-0.090187	0.25553	0	0.015593	-0.044495	0
Q15645	Q8NAD7	0.00055172	0.020234	0.01473	5000	0.47137	0.43704	0.56223	0.38307	0.29875	0.29498	0.35325	0.44636	0.35868	0.3128	0.38018	0.36858	0.54621	0.4435	0.43729	0.067371	0	0.0055997	-0.031725	0
Q15645	Q8WXJ7	0.0082759	0.052308	0.06125	5000	0.097904	-0.1449	0.16461	0.023973	-0.40606	-0.32985	0.19781	-0.36309	0.12492	0.28656	-0.28482	-0.28466	-0.67056	-0.39959	-0.25267	0.11609	0	0.088469	0.20892	0
Q15645	Q92769	0	1	1	5000	-0.0019061	-0.28533	0.57023	-0.45125	0.27962	0.30516	0.11455	-0.36875	0.034387	0.31005	0.5624	0.59186	0.17426	0.58846	-0.083946	0.47421	0	0.080456	0.57215	0
Q15645	Q96RL6	0	0	0	5000	0.33472	0.36344	0.43	0.024104	-0.064199	-0.06324	0.35966	0.29417	-0.062036	0.28414	0.20148	0.34283	0.50721	0.26982	0.095114	0.25562	0	0.014175	0.027261	0
Q15645	Q9BVI4	0	1	0	5000	0.35045	0.098405	0.5373	-0.26165	0.045578	-0.23603	0.4408	0.51108	0.49716	0.3409	0.65816	0.32321	0.54325	0.22043	0.47907	0.40688	0	0.030344	0.34803	0
Q15645	Q9H5H1	0.00055172	0.020234	0.01473	5000	0.47137	0.43704	0.56223	0.38307	0.29875	0.29498	0.35325	0.44636	0.35868	0.3128	0.38018	0.36858	0.54621	0.4435	0.43729	0.067371	0	0.0055997	-0.031725	0
Q15645	Q9NQ40	0	0	0	5000	0.2452	0.51376	0.50997	0.63676	0.15308	0.1891	0.43056	0.48624	0.43816	0.3167	-0.039484	0.26808	0.37846	0.41652	0.414	0.27772	0	0.016458	0.075031	0
Q15645	Q9NTN9	0	0	0	5000	0.42006	-0.25054	0.62227	0.53523	0.25228	0.0083909	0.16294	0.49947	0.057216	0.31077	-0.1035	0.31977	0.40708	-0.12777	-0.17852	0.11987	0	0.011617	0.15413	1
Q15645	Q9NZF1	0	0.018462	0.00825	5000	0.39535	0.10471	-0.097982	0.030845	-0.18876	-0.0085946	0.06407	-0.0080444	0.37559	0.31051	0.11618	0.35556	0.75125	-0.46915	-0.032643	0.096745	0	0.032	0.18185	1
Q15645	Q9UHR6	0	0	0	5000	0.36686	0.36806	0.64371	0.075231	-0.20143	-0.061999	0.35197	0.31315	0.11855	0.26665	0.2857	0.36725	0.35407	0.096636	-0.50259	0.16138	0	0.016281	0.016845	0
Q15645	Q9X334	0.00055172	0.020234	0.01473	5000	0.47137	0.43704	0.56223	0.38307	0.29875	0.29498	0.35325	0.44636	0.35868	0.3128	0.38018	0.36858	0.54621	0.4435	0.43729	0.067371	0	0.0055997	-0.031725	0
Q15645	Q9Y2U9	0	0	1	5000	0.34021	0.0064668	0.48653	-0.2249	-0.052256	-0.2503	-0.33982	-0.56766	-0.18393	0.28114	0.12071	0.34777	-0.18065	0.094863	-0.18669	0.21101	0	0.025836	-0.068529	0
Q15645	Q9Y6G1	0	0	0	5000	0.33999	0.21285	0.10976	-0.31356	0.4648	0.21844	0.31413	-0.46909	0.37227	0.319	0.067351	0.32132	0.53581	0.66967	0.41634	0.10926	0	0.043339	0.31946	0
Q15777	Q15645	0	0	0	329	0.026073	0.016335	0.33886	-0.052733	-0.030064	0.20439	0.041128	0.018327	0.21139	0.29826	-0.26051	0.37034	-0.72557	0.057535	-0.090187	0.081928	0	0.017307	-0.043591	0
Q3U1J1	Q15645	0.00055172	0.020234	0.01473	5000	0.47137	0.43704	0.56223	0.38307	0.29875	0.29498	0.35325	0.44636	0.35868	0.3128	0.38018	0.36858	0.54621	0.4435	0.43729	0.067371	0	0.0055997	-0.031725	0
Q53FM2	Q15645	0.0082759	0.036923	0.03625	5000	0.17975	-0.45853	0.62081	0.17072	0.13057	0.03459	-0.034977	-0.30921	0.096458	0.30102	0.41413	0.29587	-0.27874	0.35958	-0.44989	0.24678	0	0.012748	0.21693	0
Q53HV7	Q15645	0	1	0	5000	0.3793	-0.040508	0.27852	-0.14226	0.24673	0.069056	0.30206	-0.34293	0.43646	0.31707	-0.30798	0.41603	0.55417	0.47307	-0.1207	0.13884	0	0.026147	0.20058	1
Q5TA45	Q15645	0	0	1	5000	0.27275	0.23293	0.54509	0.26768	-0.093719	-0.10416	0.41786	0.2162	0.44277	0.29352	-0.35686	0.36496	0.67272	0.24173	-0.14246	0.28604	0	0.034095	0.22545	1
Q5VVX3	Q15645	0.0036782	0.021538	0.02575	5000	-0.044595	-0.089198	0.59856	0.15504	-0.083238	0.026187	0.27608	-0.28498	-0.033325	0.27094	-0.38472	0.20182	0.35021	-0.21299	-0.090187	0.11541	0	0.021277	0.081102	0
Q6BCY4	Q15645	0	0	0	5000	0.33013	0.061099	0.59668	0.63114	-0.22078	-0.20135	0.2172	-0.09861	0.19221	0.30077	0.059287	0.30919	-0.23304	0.036763	-0.023469	0.089487	0	0.017881	-0.13423	1
Q6P9B6	Q15645	0	1	0	5000	0.41773	0.20703	0.58038	-0.21069	-0.065949	-0.17417	-0.088558	0.6589	0.060078	0.29634	-0.15198	0.39388	0.47645	0.44969	-0.09663	0.41027	0	0.066955	0.27634	0
Q7L2J0	Q15645	0	0	0	5000	0.34021	-0.34452	0.45936	-0.26102	-0.090409	-0.18586	0.085221	-0.33689	0.29122	0.29351	0.08091	0.39591	-0.102	-0.023983	0.073246	0.19512	0	0.022801	-0.0056336	0
Q86UW9	Q15645	0	1	1	5000	-0.0091108	0.23171	0.62685	0.27277	-0.016381	0.093084	0.34779	0.122	0.53137	0.31754	-0.43483	0.13694	0.54992	0.36606	0.42328	0.25305	0	0.031591	0.45611	1
Q86YR5	Q15645	0	0	1	5000	0.30337	0.26931	0.43522	0.22858	0.24182	0.25986	-0.10897	0.13517	0.10634	0.29606	0.14952	0.21441	-0.15051	0.36275	0.0099787	0.42854	0	0.094719	-0.053913	1
Q8G8T7	Q15645	0.00055172	0.020234	0.01473	5000	0.47137	0.43704	0.56223	0.38307	0.29875	0.29498	0.35325	0.44636	0.35868	0.3128	0.38018	0.36858	0.54621	0.4435	0.43729	0.067371	0	0.0055997	-0.031725	0
Q8IVS8	Q15645	0	2	0	5000	0.38369	0.42566	0.52635	0.73943	0.42186	0.32606	0.58873	0.58295	0.60836	0.43214	0.49418	0.38326	0.55497	0.55505	0.53733	0.39511	0	0.04459	0.11133	1
Q8N720	Q15645	0	1	1	5000	0.34247	0.41282	0.54396	-0.03849	-0.24755	-0.28495	-0.23357	0.22214	0.014206	0.28108	-0.031446	0.31465	0.13079	0.38242	0.11348	0.42329	0	0.081004	0.069123	0
Q8N8Y3	Q15645	0.00055172	0.020234	0.01473	5000	0.47137	0.43704	0.56223	0.38307	0.29875	0.29498	0.35325	0.44636	0.35868	0.3128	0.38018	0.36858	0.54621	0.4435	0.43729	0.067371	0	0.0055997	-0.031725	0
Q8NFA0	Q15645	0	0	0	5000	-0.25795	0.19232	0.8023	-0.033308	0.38053	0.21471	0.14026	0.16239	0.16912	0.31482	-0.023059	-0.023359	-0.38019	0.4625	0.07472	0.62073	0	0.079213	0.34766	0
Q8NFT6	Q15645	0	0	1	5000	0.3357	0.031826	0.69316	0.2832	0.36073	0.20728	0.29258	0.18276	0.06563	0.265	0.13594	0.26405	0.42056	0.22451	0.093342	0.088703	0	0.036082	0.13429	0
Q8TBB1	Q15645	0	1	0	5000	0.23263	0.36645	0.49914	-0.013862	0.3886	0.36227	0.36508	0.52205	0.44271	0.31377	-0.302	0.45685	0.56251	0.45953	0.4919	0.38144	0	0.034859	0.35559	1
Q8WXK3	Q15645	0	1	0	5000	0.41544	-0.27537	0.07808	-0.17799	0.11087	-0.10728	0.041833	-0.075792	0.057324	0.27628	-0.22469	0.33523	0.52241	-0.13163	-0.48454	0.21987	0	0.046288	0.37541	1
Q93062	Q15645	0	1	1	5000	0.034645	-0.13738	0.24219	0.1447	-0.30317	-0.25612	0.012062	-0.38047	-0.32393	0.28656	-0.29611	-0.30328	-0.37155	-0.4024	-0.1666	0.30525	0	0.088469	0.30698	1
Q969N2	Q15645	0	1	0	5000	0.35287	-0.096846	0.17584	0.46011	0.069287	-0.16882	0.15111	-0.02293	-0.099538	0.30089	-0.26612	0.27921	0.18188	0.32142	0.32871	0.10536	0	0.030543	0.17496	0
Q969Q4	Q15645	0	1	0	5000	0.24671	0.36645	0.5182	-0.0473	0.36166	0.36227	0.4259	0.45981	0.39693	0.33428	0.16608	0.46316	0.5157	0.52529	0.48017	0.43913	0	0.040235	0.24581	1
Q96EJ4	Q15645	0.00055172	0.020234	0.01473	5000	0.47137	0.43704	0.56223	0.38307	0.29875	0.29498	0.35325	0.44636	0.35868	0.3128	0.38018	0.36858	0.54621	0.4435	0.43729	0.067371	0	0.0055997	-0.031725	0
Q96FJ0	Q15645	0	1	0	5000	0.39831	0.36331	0.50198	0.00079942	-0.15009	0.062921	0.11803	0.38937	0.13202	0.28348	0.37981	0.32939	0.76917	-0.039686	-0.24269	0.42806	0	0.061929	0.15876	1
Q96HA8	Q15645	0	1	1	5000	0.31071	0.33474	0.2491	0.12232	0.46943	0.31891	0.35069	0.27123	0.16633	0.30227	0.30183	0.33224	-0.27245	0.40725	-0.21875	0.592	0	0.10965	0.13686	1
Q96JB6	Q15645	0	1	0	5000	0.30519	0.42095	0.64929	0.4644	-0.2509	-0.066849	0.34878	0.38049	0.49636	0.30198	-0.42214	0.38137	0.37167	0.35361	0.40543	0.23987	0	0.04497	0.33834	1
Q96LM6	Q15645	0	0	1	5000	0.28049	0.36733	0.48608	0.70239	0.32021	0.29211	0.32401	0.55927	0.55994	0.3463	0.41778	0.40962	0.56516	0.61345	0.49459	0.30862	0	0.074185	0.13405	1
Q99612	Q15645	0	0	1	5000	-0.093019	0.25651	-0.091822	-0.14772	0.11373	0.29337	0.21566	-0.1979	-0.18006	0.27985	-0.10633	-0.22974	0.42763	-0.38648	0.11817	0.19963	0	0.035439	0.4198	0
Q9BQY4	Q15645	0	1	1	5000	0.31098	0.54771	0.4911	0.49093	0.077341	-0.043825	0.41021	0.45151	0.5713	0.31362	-0.037202	0.39403	0.56738	0.49221	0.32521	0.35446	0	0.078526	0.26874	0
Q9BSH5	Q15645	0	1	0	5000	0.36397	-0.294	0.18491	-0.23839	-0.14095	-0.17487	0.32313	-0.11255	0.050093	0.28526	-0.19094	0.34836	0.62399	0.34128	-0.369	0.21132	0	0.057106	0.40896	1
Q9BV99	Q15645	0.005977	0.13231	0.0675	5000	0.29998	0.41143	0.35728	0.56522	0.16899	0.15077	-0.26905	0.23063	0.10988	0.28132	-0.11767	0.29155	-0.0057087	0.33545	-0.24103	0.19474	0	0.05286	-0.072585	0
Q9BWC7	Q15645	0.00055172	0.020234	0.01473	5000	0.47137	0.43704	0.56223	0.38307	0.29875	0.29498	0.35325	0.44636	0.35868	0.3128	0.38018	0.36858	0.54621	0.4435	0.43729	0.067371	0	0.0055997	-0.031725	0
Q9BXL6	Q15645	0	0	0	5000	0.41564	0.25335	0.55857	0.53048	0.19909	0.2661	0.36434	0.5131	0.13262	0.31505	0.40245	0.31911	0.3802	0.24826	-0.059899	0.14679	0	0.011308	-0.11758	1
Q9BYR7	Q15645	0	0	0	5000	0.25126	0.3873	0.51996	0.42534	0.19604	-0.012356	0.45233	0.36006	0.46641	0.32189	-0.12246	0.34881	0.4936	0.41308	0.4984	0.48079	0	0.020016	0.027438	1
Q9GZT8	Q15645	0	1	0	5000	0.18643	-0.095055	0.027064	-0.44754	0.39971	0.33778	0.09568	-0.42487	0.026665	0.31437	0.41768	0.29949	-0.085	0.62682	-0.09465	0.43285	0	0.088135	0.52806	0
Q9H0W9	Q15645	0	1	1	5000	0.34247	0.41282	0.54396	-0.35082	-0.26823	-0.29145	-0.1121	0.22126	-0.075528	0.28628	0.059179	0.39976	-0.068179	0.39772	0.042457	0.57255	0	0.077556	0.075735	1
Q9H4B4	Q15645	0	2	1	5000	0.048553	-0.12313	0.57114	0.48065	-0.28997	-0.21778	0.16305	0.6291	0.1732	0.29447	-0.31537	-0.026911	-0.23267	-0.48608	0.1749	0.39266	0	0.045812	0.64988	1
Q9HCA8	Q15645	0.00055172	0.020234	0.01473	5000	0.47137	0.43704	0.56223	0.38307	0.29875	0.29498	0.35325	0.44636	0.35868	0.3128	0.38018	0.36858	0.54621	0.4435	0.43729	0.067371	0	0.0055997	-0.031725	0
Q9NR21	Q15645	0	0	0	5000	0.35515	0.13731	0.61177	-0.24255	0.23181	-0.10304	-0.13075	0.75368	0.21413	0.30014	-0.364	0.49212	-0.58341	-0.12127	0.070454	0.098156	0	0.013642	0.071867	0
Q9NRQ2	Q15645	0	1	0	5000	0.36686	0.02142	0.57023	-0.37187	-0.26801	-0.1989	0.3268	-0.46353	0.47039	0.29241	0.078795	0.41315	0.35958	-0.63419	0.37597	0.12668	0	0.021717	0.16062	0
Q9NRY6	Q15645	0	1	0	5000	0.37029	-0.11956	0.56815	0.45517	0.23354	0.32102	0.17568	0.40397	-0.031968	0.29284	-0.58006	0.33356	0.15709	0.011791	-0.22037	0.34012	0	0.044808	0.28246	1
Q9NWU8	Q15645	0.00051494	0.067692	0.01545	5000	0.35682	-0.25054	0.62227	0.53523	0.25228	0.0083909	0.16294	0.49947	0.057216	0.29527	-0.1035	0.42633	0.40708	-0.12777	-0.17852	0.19081	0	0.019151	0.21296	0
Q9UI95	Q15645	1	1	1	5000	0.32414	0.43491	0.53869	0.31484	0.26144	0.36311	0.40299	0.51611	0.22898	0.24622	-0.26467	0.38308	0.28948	0.50515	-0.39936	0.5647	0	0.088629	0.3018	0
Q9UKD2	Q15645	0	0	1	5000	0.28436	0.011507	0.21846	0.12954	0.34993	0.19444	0.48318	0.016125	-0.049558	0.31527	0.76764	0.27757	-0.041621	0.57272	-0.20954	0.10928	0	0.082044	0.44355	0
Q9UN70	Q15645	0	0	0	5000	-0.20981	0.34733	0.14478	-0.28883	0.38508	0.27372	0.33427	-0.32689	0.39137	0.36294	-0.17882	-0.36831	0.53106	-0.6516	0.44199	0.2083	0	0.02457	0.6573	0
Q9Y692	Q15645	0	0	1	5000	0.34749	0.31913	0.5191	0.17625	-0.11005	-0.076663	0.16315	0.13623	0.59186	0.29363	-0.51169	0.31577	0.14538	0.20899	0.16785	0.13415	0	0.034893	0.16897	0
