uniprot_id1	uniprot_id2	go_function	go_component	go_process	sequence_similarity	coexpression1	coexpression2	coexpression3	coexpression4	coexpression5	coexpression6	coexpression7	coexpression8	coexpression9	coexpression10	coexpression11	coexpression12	coexpression13	coexpression14	coexpression15	localization	homology_yeast	domain_domain_interaction	score	hprd_flag
B0ZBF6	Q16342	0	1	2	5000	-0.027003	0.15655	0.5273	-0.49295	0.18456	0.021287	0.31068	0.40525	0.22839	0.30335	0.11004	-0.07593	-0.070651	-0.16156	0.19184	0.64171	0	0.076581	0.44473	0
D4ACL8	Q16342	0.00055172	0.020234	0.01473	5000	0.47137	0.43704	0.56223	0.38307	0.29875	0.29498	0.35325	0.44636	0.35868	0.3128	0.38018	0.36858	0.54621	0.4435	0.43729	0.067371	0	0.0055997	-0.031725	0
O13936	Q16342	0.00055172	0.020234	0.01473	5000	0.47137	0.43704	0.56223	0.38307	0.29875	0.29498	0.35325	0.44636	0.35868	0.3128	0.38018	0.36858	0.54621	0.4435	0.43729	0.067371	0	0.0055997	-0.031725	0
O94903	Q16342	0	0	1	5000	-0.031758	-0.033475	0.68057	0.013944	0.13264	-0.043977	0.49484	0.30053	0.19794	0.19746	0.40588	0.51656	0.33483	-0.15687	0.23405	0.27022	0	0.026009	0.2181	0
P11597	Q16342	0	0	0	5000	-0.068976	0.063557	0.32375	-0.062295	0.096903	0.1745	-0.1566	-0.42055	0.22714	0.29926	0.29524	0.26484	-0.21267	-0.27929	0.065733	0	0	0.015924	0.073236	0
P14784	Q16342	0	0	0	5000	0.067249	0.19902	0.27193	-0.055238	0.047361	-0.134	0.036854	-0.17531	0.41801	0.30435	-0.027414	0.035834	-0.58254	-0.0064512	-0.28374	0	0	0.015999	0.0084881	0
P15880	Q16342	0	0	0	5000	-0.09745	-0.10656	-0.47564	0.19464	0.010898	0.16218	0.27663	0.30822	0.36626	0.32656	0.36758	0.16312	0.49382	0.36428	0.42905	0.16413	0	0.018679	0.10285	0
P51572	Q16342	1	0	0	5000	-0.12199	0.068772	0.24044	0.13695	-0.15578	-0.19178	0.13938	0.05671	-0.35711	0.27807	0.2891	0.21291	0.50823	0.20177	-0.18547	0.23427	0	0.025702	-0.0021232	0
Q14CN4	Q16342	0	0	0	5000	0.38775	0.35298	0.42342	-0.018258	0.25636	0.29765	0.42375	0.41272	0.38882	0.29278	0.43597	0.44425	0.48	0.45075	0.39304	0	0	0.037204	0.14331	0
Q16342	A4D0W0	0.031411	0.095631	0.06295	5000	0.38447	0.0094263	0.14283	-0.070477	0.080496	-0.27092	0.26606	0.057011	0.073136	-0.20769	0.25463	0.36695	0.42729	0.5256	-0.10452	1	0	0.087043	0.30579	1
Q16342	A4D1A2	0.052874	0.16923	0.08125	5000	-0.04348	-0.10577	0.56199	-0.13578	0.0066805	-0.14611	0.31186	0.25102	-0.068771	0.30216	0.082099	0.042718	0.15263	0.072682	0.15467	1	0	0.13767	0.25788	0
Q16342	B7ZLV7	0.00045977	0.018462	0.01	5000	0.28152	-0.009435	0.50649	-0.1828	0.14683	-0.12936	0.43929	0.25027	0.11987	0.29725	-0.26003	0.39209	0.64268	-0.013111	0.036079	0.17573	0	0.016807	0.19754	0
Q16342	O60260	0	1	2	5000	0.038219	0.053136	0.76963	-0.012736	-0.2253	0.15986	0.27945	0.17993	-0.20978	0.29984	-0.091984	0.073408	0.32968	-0.21307	-0.040368	0	0	0.019342	0.48345	0
Q16342	O75376	0	0	1	5000	0.32015	-0.067776	0.86066	-0.25477	0.19686	-0.18594	0.43556	0.28338	0.48182	0.040598	0.043375	0.40554	0.66793	-0.10199	-0.32533	0.10731	0	0.05116	0.42269	1
Q16342	O95931	0	0	1	5000	-0.17631	-0.1675	0.25984	-0.39269	0.42419	0.33731	-0.021371	0.0142	-0.21594	0.32374	0.53652	0.039533	0.65648	-0.3605	-0.31255	0	0	0.022596	0.553	0
Q16342	P0CG48	1	0	0	5000	-0.0051727	-0.16787	0.6136	0.12676	0.0056927	-0.12716	0.3122	0.18109	0.4223	-0.092251	0.33074	0.33719	0.38986	0.13994	0.40318	0.13612	0	0.020632	0.007885	0
Q16342	P12109	0	0	0	5000	-0.025814	-0.13841	0.17197	-0.41116	0.054896	0.16362	-0.43125	-0.21065	0.096406	0.31208	-0.38278	0.044657	-0.29656	-0.28736	0.12929	1	0	0.082921	0.26838	0
Q16342	P33299	0.00055172	0.020234	0.01473	5000	0.47137	0.43704	0.56223	0.38307	0.29875	0.29498	0.35325	0.44636	0.35868	0.3128	0.38018	0.36858	0.54621	0.4435	0.43729	0.067371	0	0.0055997	-0.031725	0
Q16342	P49917	0	1	2	5000	0.016091	-0.04232	0.69382	0.43662	0.10796	0.076897	0.30216	0.26428	0.068005	-0.30646	0.1632	0.45739	0.21911	0.30166	0.17548	0.20427	0	0.04219	0.3831	0
Q16342	P51610	0	0	2	5000	-0.23596	-0.069038	0.51569	0.081738	0.35727	0.35304	-0.033179	-0.10359	0.10246	0.37517	0.03221	-0.11097	-0.23467	0.043242	0.397	0.54351	0	0.083301	0.45461	1
Q16342	Q06278	0	0	1	5000	-0.088411	0.17759	0.41636	0.41316	0.24091	0.28582	0.40428	0.25886	-0.31762	0.31956	-0.32833	0.20325	-0.082854	-0.22273	-0.29122	0	0	0.087974	0.27339	0
Q16342	Q13287	0	0	2	5000	-0.13094	0.15578	0.083458	0.17143	0.35095	0.23536	-0.26769	0.29269	0.16376	0.3172	0.41354	0.012267	0.51651	0.4384	0.16473	0.23253	0	0.095479	0.33961	0
Q16342	Q15653	0	0	1	5000	0.058789	-0.13296	0.33684	0.40402	-0.15534	-0.027501	-0.3711	-0.060336	0.39338	0.15872	0.24387	0.39547	-0.4603	0.24727	0.14361	0	0	0.013881	0.055689	0
Q16342	Q3L6K5	0	0.033846	0.0145	5000	0.27115	0.12624	0.69212	0.22398	0.0015345	0.012911	-0.37371	-0.2282	0.071238	0.29445	0.028493	0.34084	-0.34333	0.11653	-0.040368	0.090134	0	0.020554	-0.14033	0
Q16342	Q53HP8	0.00055172	0.020234	0.01473	5000	0.47137	0.43704	0.56223	0.38307	0.29875	0.29498	0.35325	0.44636	0.35868	0.3128	0.38018	0.36858	0.54621	0.4435	0.43729	0.067371	0	0.0055997	-0.031725	0
Q16342	Q58F21	0	0	1	5000	0.011994	0.093967	0.288	-0.043361	0.15585	-0.011692	-0.024619	0.025036	-0.11504	0.28656	0.11909	0.28395	-0.21676	0.017174	-0.11163	0.19825	0	0.088469	0.024922	0
Q16342	Q5NHX0	0.00055172	0.020234	0.01473	964	0.47137	0.43704	0.56223	0.38307	0.29875	0.29498	0.35325	0.44636	0.35868	0.3128	0.38018	0.36858	0.54621	0.4435	0.43729	0.067371	0	0.0055997	-0.06581	0
Q16342	Q61249	0.00055172	0.020234	0.01473	5000	0.47137	0.43704	0.56223	0.38307	0.29875	0.29498	0.35325	0.44636	0.35868	0.3128	0.38018	0.36858	0.54621	0.4435	0.43729	0.067371	0	0.0055997	-0.031725	0
Q16342	Q8CZJ9	0.00055172	0.020234	0.01473	5000	0.47137	0.43704	0.56223	0.38307	0.29875	0.29498	0.35325	0.44636	0.35868	0.3128	0.38018	0.36858	0.54621	0.4435	0.43729	0.067371	0	0.0055997	-0.031725	0
Q16342	Q8IWF6	0.0022989	0.0061538	0.0025	5000	0.37766	0.46114	0.61732	-0.23714	0.29688	0.29573	0.45562	0.47445	0.56991	-0.58788	0.40793	0.37309	0.16799	0.52725	-0.25186	0.15178	0	0.024347	0.37737	0
Q16342	Q8N0X2	0	0	1	5000	0.40533	-0.06491	0.70237	-0.099254	0.28498	0.19124	0.14222	0.41145	0.12993	0.17837	-0.38636	0.33066	0.61822	0.37284	0.50631	0.20212	0	0.035836	0.25399	0
Q16342	Q96BD5	0	2	0	5000	-0.11213	-0.24941	0.044298	-0.30917	-0.23506	-0.32905	0.14702	-0.151	0.19897	0.3837	-0.12672	-0.010498	0.14418	0.19601	0.1817	0.16935	0	0.07571	0.3008	0
Q16342	Q96NX9	0	1	1	5000	0.39545	0.37746	0.46652	0.066114	0.33253	0.23268	0.30064	0.44291	0.43657	0.24056	0.47088	0.34848	0.50935	0.49212	0.46415	1	0	0.078025	0.32609	0
Q16342	Q9H094	0	0	1	5000	0.29376	0.46114	0.49271	-0.26719	0.34602	0.022669	0.2734	0.31248	0.42878	0.17069	-0.22095	0.40917	0.41304	0.40756	0.45895	0.35004	0	0.055683	0.22628	0
Q16342	Q9NVX0	0	0	2	5000	0.35767	0.19921	0.7892	0.20771	0.37836	0.39274	0.37433	-0.080326	0.069457	-0.11904	0.66632	0.34174	0.52163	-0.1389	0.34069	0.05052	0	0.022055	0.48008	0
Q16342	Q9NYH9	0	0	0	5000	0.35113	0.018606	0.78838	0.57858	0.1693	0.079311	0.37854	-0.05159	0.48662	-0.064978	0.38383	0.3622	0.41325	0.5936	0.45246	0.34114	0	0.025171	-0.07305	0
Q16342	Q9P2J5	0	0	0	5000	0.26369	0.32484	0.807	0.11416	0.19615	0.2639	0.14733	0.15995	0.091417	-0.3187	0.1162	0.28909	0.74335	-0.11583	-0.46956	0.20195	0	0.053579	0.28665	0
Q16342	Q9Y5Q9	0	1	0	5000	0.32342	-0.11983	0.67462	-0.22255	0.1298	-0.10868	0.5691	-0.13715	0.23685	-0.20035	0.12538	0.39871	0.63484	0.49959	0.08294	1	0	0.074968	0.35753	0
Q16342	Q9Y5R8	0	0	0	5000	0.30631	0.36631	0.59995	-0.24207	-0.27905	-0.24792	0.32441	0.22384	-0.25247	0.036208	-0.092873	0.41847	-0.33296	0.27023	0.023628	0.099186	0	0.014322	0.026138	0
Q5XKI0	Q16342	0.032184	0.061538	0.0375	5000	-0.077912	0.070037	0.57232	-0.01788	0.36333	0.20547	0.13176	0.45171	0.32437	0.30623	-0.011789	0.18749	0.017829	-0.25254	0.21372	0.41131	0	0.083678	0.16102	0
Q6P2E9	Q16342	0	0	2	5000	-0.16713	0.0091878	0.19044	0.10148	0.42232	0.32624	-0.14099	-0.027163	0.13839	0.31196	0.34716	0.35162	-0.65326	0.25788	-0.31721	0.42951	0	0.083677	0.087312	0
Q6ZMH6	Q16342	0	0	0	5000	0.26577	0.47823	0.55928	0.4312	0.41201	0.38808	0.37428	0.4443	0.51697	0.40478	0.39034	0.38049	0.3826	0.46858	0.45595	0.21478	0	0.003394	0.075338	0
Q70EL4	Q16342	0	0	0	5000	0.39561	0.44252	0.56914	0.13955	0.38139	0.33723	-0.27831	0.38439	-0.039875	0.075221	0.40789	0.37016	0.51466	0.45574	-0.42469	0	0	0.014591	0.18457	0
Q7CHK4	Q16342	0.00055172	0.020234	0.01473	5000	0.47137	0.43704	0.56223	0.38307	0.29875	0.29498	0.35325	0.44636	0.35868	0.3128	0.38018	0.36858	0.54621	0.4435	0.43729	0.067371	0	0.0055997	-0.031725	0
Q7Z7L1	Q16342	0	0	1	5000	0.34928	0.4163	0.61176	-0.16425	0.40675	0.37303	0.3193	0.36409	0.25479	-0.28566	0.20326	0.32499	0.74859	0.41433	0.021782	0.13246	0	0.011991	0.41095	0
Q81RS1	Q16342	0.00055172	0.020234	0.01473	5000	0.47137	0.43704	0.56223	0.38307	0.29875	0.29498	0.35325	0.44636	0.35868	0.3128	0.38018	0.36858	0.54621	0.4435	0.43729	0.067371	0	0.0055997	-0.031725	0
Q81YB7	Q16342	0.00055172	0.020234	0.01473	5000	0.47137	0.43704	0.56223	0.38307	0.29875	0.29498	0.35325	0.44636	0.35868	0.3128	0.38018	0.36858	0.54621	0.4435	0.43729	0.067371	0	0.0055997	-0.031725	0
Q81YG8	Q16342	0.00055172	0.020234	0.01473	5000	0.47137	0.43704	0.56223	0.38307	0.29875	0.29498	0.35325	0.44636	0.35868	0.3128	0.38018	0.36858	0.54621	0.4435	0.43729	0.067371	0	0.0055997	-0.031725	0
Q96GL3	Q16342	0.00055172	0.020234	0.01473	5000	0.47137	0.43704	0.56223	0.38307	0.29875	0.29498	0.35325	0.44636	0.35868	0.3128	0.38018	0.36858	0.54621	0.4435	0.43729	0.067371	0	0.0055997	-0.031725	0
Q9BQQ3	Q16342	0	0	0	5000	0.035662	-0.050996	0.54006	0.13416	0.16805	0.24129	0.32346	0.21419	0.071417	0.18713	-0.062655	0.43499	0.3169	-0.03066	-0.21896	0.11765	0	0.035391	0.055032	0
