uniprot_id1	uniprot_id2	go_function	go_component	go_process	sequence_similarity	coexpression1	coexpression2	coexpression3	coexpression4	coexpression5	coexpression6	coexpression7	coexpression8	coexpression9	coexpression10	coexpression11	coexpression12	coexpression13	coexpression14	coexpression15	localization	homology_yeast	domain_domain_interaction	score	hprd_flag
F1D8P8	Q6NUN9	0.024368	0.083077	0.03825	5000	0.38253	0.36681	0.50544	0.046852	0.048596	-0.22747	0.2613	0.18518	0.12244	0.28589	0.069629	0.31821	0.46903	0.29062	0.015594	0.21101	0	0.025836	-0.04794	0
O43763	Q6NUN9	1	0	2	5000	0.33096	0.4092	0.66	-0.029802	0.083185	0.02662	0.50698	0.31262	0.13555	0.30405	0.11937	0.34619	-0.4733	0.39661	0.11578	1	0	0	0.047564	0
P08519	Q6NUN9	0	0	0	5000	0.38449	0.30193	0.51178	0.16066	-0.28114	-0.22808	0.30612	0.2562	0.40644	0.29721	-0.10529	0.36781	0.33566	0.24741	0.34488	0	0	0.020031	0.0035325	0
P0AA25	Q6NUN9	0.00055172	0.020234	0.01473	5000	0.47137	0.43704	0.56223	0.38307	0.29875	0.29498	0.35325	0.44636	0.35868	0.3128	0.38018	0.36858	0.54621	0.4435	0.43729	0.067371	0	0.0055997	-0.031725	0
P10323	Q6NUN9	0	2	0	5000	0.33628	0.31703	0.50423	-0.033489	-0.077203	-0.10296	0.32759	0.28124	0.44722	0.28494	0.00062103	0.40123	0.30659	0.23335	0.33977	0	0	0	0.17942	0
P38885	Q6NUN9	0.00055172	0.020234	0.01473	5000	0.47137	0.43704	0.56223	0.38307	0.29875	0.29498	0.35325	0.44636	0.35868	0.3128	0.38018	0.36858	0.54621	0.4435	0.43729	0.067371	0	0.0055997	-0.031725	0
Q00975	Q6NUN9	0	1	0	5000	0.37826	0.34221	0.5537	0.15287	-0.066508	-0.011022	0.37187	0.42002	0.4127	0.026722	-0.14218	0.33328	0.44863	0.31349	0.46068	0.35415	0	0	0.11431	0
Q14802	Q6NUN9	0	0	0	5000	0.4042	0.336	0.37448	0.14774	0.0099745	-0.19407	-0.0065638	0.24577	-0.40745	0.27866	0.24065	0.35219	0.56631	0.30699	-0.28637	0.18569	0	0.03225	0.084567	0
Q15363	Q6NUN9	0	1	0	5000	0.33574	0.40341	0.55448	0.20275	0.3073	0.0013367	-0.052767	0.26826	-0.59569	0.061873	0.24663	0.26115	0.32397	0.33322	0.11391	0.2168	0	0.074072	0.14432	0
Q495M3	Q6NUN9	0	0	1	5000	0.30735	0.35903	0.59018	0.41865	0.37982	0.36121	-0.11178	0.42041	0.14517	0.30129	0.48141	0.35608	-0.090764	0.41803	0.16093	0.11735	0	0.0096337	0.027497	0
Q5NGV3	Q6NUN9	0	0	0	5000	0.31143	0.3661	0.60804	0.43346	0.35099	0.27202	0.48234	0.41213	0.503	0.35622	0.40186	0.42957	0.6118	0.47208	0.43035	0.55444	1	0.004828	0.20787	0
Q5ZEY4	Q6NUN9	0.00055172	0.020234	0.01473	5000	0.47137	0.43704	0.56223	0.38307	0.29875	0.29498	0.35325	0.44636	0.35868	0.3128	0.38018	0.36858	0.54621	0.4435	0.43729	0.067371	0	0.0055997	-0.031725	0
Q6NUN9	O00182	0	0	1	429	0.40664	0.45622	0.56572	0.16211	-0.16268	-0.2045	0.20838	0.38997	-0.10354	0.30442	-0.088475	0.34877	0.61914	0.44263	0.17329	1	0	0	0.24004	0
Q6NUN9	O08808	0.00055172	0.020234	0.01473	5000	0.47137	0.43704	0.56223	0.38307	0.29875	0.29498	0.35325	0.44636	0.35868	0.3128	0.38018	0.36858	0.54621	0.4435	0.43729	0.067371	0	0.0055997	-0.031725	0
Q6NUN9	O35716	0.00055172	0.020234	0.01473	5000	0.47137	0.43704	0.56223	0.38307	0.29875	0.29498	0.35325	0.44636	0.35868	0.3128	0.38018	0.36858	0.54621	0.4435	0.43729	0.067371	0	0.0055997	-0.031725	0
Q6NUN9	O60260	1	3	2	5000	0.33096	0.4092	0.66	-0.055531	-0.04481	0.06035	0.35004	0.39459	0.27338	0.30218	-0.1335	0.3589	0.28858	0.44904	0.17497	1	0	0.091488	0.53811	0
Q6NUN9	O60291	0	2	2	5000	0.34581	0.45779	0.68685	0.42101	0.33897	0.22839	0.38475	0.61697	0.50618	0.30971	0.12516	0.43826	0.61564	0.45361	0.46687	0.37385	0	0.064555	0.43668	0
Q6NUN9	Q08AF3	0	0	1	5000	0.39621	0.37154	0.45338	-0.13677	0.23309	0.24727	0.302	0.16824	-0.29303	-0.10153	0.20056	0.25937	0.41501	0.36655	0.0050977	0.22755	0	0.03814	0.22408	0
Q6NUN9	Q08AM6	0	0	0	5000	0.32214	0.37855	0.47113	-0.0029597	0.18205	0.13657	0.22127	0.25247	0.4486	0.29041	0.13792	0.36125	0.3781	0.3289	0.079695	0.18103	0	2	0.04286	0
Q6NUN9	Q7CJQ7	0.00055172	0.020234	0.01473	5000	0.47137	0.43704	0.56223	0.38307	0.29875	0.29498	0.35325	0.44636	0.35868	0.3128	0.38018	0.36858	0.54621	0.4435	0.43729	0.067371	0	0.0055997	-0.031725	0
Q6NUN9	Q81TS1	0.00055172	0.020234	0.01473	5000	0.47137	0.43704	0.56223	0.38307	0.29875	0.29498	0.35325	0.44636	0.35868	0.3128	0.38018	0.36858	0.54621	0.4435	0.43729	0.067371	0	0.0055997	-0.031725	0
Q6NUN9	Q8IZQ5	0	0	0	5000	0.39202	0.38585	0.51813	0.15215	0.2597	0.07761	-0.127	0.33389	0.22066	0.11434	0.40383	0.4063	0.65334	0.41352	-0.17663	0.23282	0	0.024683	-0.0018484	0
Q6NUN9	Q9NPH5	0	0	1	5000	0.31355	0.38969	0.53121	-0.032932	-0.017586	0.01828	0.16298	0.1845	-0.15106	-0.12776	0.0072657	0.34184	-0.25405	0.29664	0.068368	0.15299	0	0.02207	0.06466	0
Q6NUN9	Q9Z0U1	0.00055172	0.020234	0.01473	5000	0.47137	0.43704	0.56223	0.38307	0.29875	0.29498	0.35325	0.44636	0.35868	0.3128	0.38018	0.36858	0.54621	0.4435	0.43729	0.067371	0	0.0055997	-0.031725	0
Q7CGU7	Q6NUN9	0.00055172	0.020234	0.01473	5000	0.47137	0.43704	0.56223	0.38307	0.29875	0.29498	0.35325	0.44636	0.35868	0.3128	0.38018	0.36858	0.54621	0.4435	0.43729	0.067371	0	0.0055997	-0.031725	0
Q7CJE9	Q6NUN9	0.00055172	0.020234	0.01473	1054	0.47137	0.43704	0.56223	0.38307	0.29875	0.29498	0.35325	0.44636	0.35868	0.3128	0.38018	0.36858	0.54621	0.4435	0.43729	0.067371	0	0.0055997	-0.06505	0
Q7Z7J9	Q6NUN9	0	0	0	5000	0.30211	0.38827	0.4733	-0.12127	0.045489	0.028858	-0.0057203	0.15269	0.48253	-0.035744	0.037757	0.3182	0.30993	0.31465	-0.14263	0.14786	0	0.024038	-0.0097936	0
Q81M57	Q6NUN9	0.00055172	0.020234	0.01473	5000	0.47137	0.43704	0.56223	0.38307	0.29875	0.29498	0.35325	0.44636	0.35868	0.3128	0.38018	0.36858	0.54621	0.4435	0.43729	0.067371	0	0.0055997	-0.031725	0
Q81TY9	Q6NUN9	0.00055172	0.020234	0.01473	5000	0.47137	0.43704	0.56223	0.38307	0.29875	0.29498	0.35325	0.44636	0.35868	0.3128	0.38018	0.36858	0.54621	0.4435	0.43729	0.067371	0	0.0055997	-0.031725	0
Q86UK5	Q6NUN9	0	0	1	5000	0.29945	0.39607	0.55472	0.044894	0.27571	0.26608	0.032597	0.25579	0.43418	-0.16704	0.38449	0.44408	-0.38966	0.33667	-0.031773	0.1974	0	0.026878	0.11014	0
Q86UL8	Q6NUN9	0	1	2	5000	0.30249	0.40267	0.63139	-0.092104	0.17985	0.068147	-0.15455	0.18127	0.39973	-0.1858	-0.097315	0.36332	-0.0041728	0.30155	0.10837	0	0	0.027597	0.41534	0
Q86YC2	Q6NUN9	0	1	0	5000	0.31144	0.43275	0.59789	0.097577	0.33299	0.036717	-0.15613	0.29289	0.45324	0.27601	0.15736	0.35778	0.11052	0.33406	-0.15106	0.34316	0	0.042	0.010219	0
Q8NAK8	Q6NUN9	0.00055172	0.020234	0.01473	5000	0.47137	0.43704	0.56223	0.38307	0.29875	0.29498	0.35325	0.44636	0.35868	0.3128	0.38018	0.36858	0.54621	0.4435	0.43729	0.067371	0	0.0055997	-0.031725	0
Q96KR4	Q6NUN9	0	1	1	5000	0.34997	0.42148	0.56961	-0.44849	-0.076582	0.019191	-0.4492	0.21875	0.3794	-0.11706	-0.042899	0.36416	-0.21098	0.33111	-0.3037	0.57255	0	0.07789	0.23143	0
Q9P0T7	Q6NUN9	0	0	0	5000	0.46211	0.44545	0.41435	-0.047261	0.1356	0.16658	0.34439	0.35934	0.49765	0.007868	0.42502	0.37119	0.78405	0.4391	-0.073369	0.33759	0	0.043318	0.073578	0
Q9UBP9	Q6NUN9	0	0	1	5000	0.37956	0.43549	0.51255	-0.21915	0.044935	0.036577	-0.36094	0.29534	-0.42651	-0.22144	0.36366	0.42203	-0.064952	0.40699	-0.020954	0.56945	0	0	0.14837	0
