uniprot_id1	uniprot_id2	go_function	go_component	go_process	sequence_similarity	coexpression1	coexpression2	coexpression3	coexpression4	coexpression5	coexpression6	coexpression7	coexpression8	coexpression9	coexpression10	coexpression11	coexpression12	coexpression13	coexpression14	coexpression15	localization	homology_yeast	domain_domain_interaction	score	hprd_flag
A2AA29	Q8IXI2	0.00055172	0.020234	0.01473	5000	0.47137	0.43704	0.56223	0.38307	0.29875	0.29498	0.35325	0.44636	0.35868	0.3128	0.38018	0.36858	0.54621	0.4435	0.43729	0.067371	0	0.0055997	-0.031725	0
A2AR77	Q8IXI2	0.00055172	0.020234	0.01473	5000	0.47137	0.43704	0.56223	0.38307	0.29875	0.29498	0.35325	0.44636	0.35868	0.3128	0.38018	0.36858	0.54621	0.4435	0.43729	0.067371	0	0.0055997	-0.031725	0
A8K9A6	Q8IXI2	0	0.046154	0.01875	5000	0.32212	-0.013149	0.74309	0.13426	0.22118	0.35227	0.29988	0.63944	0.2313	0.31868	0.23527	0.37263	0.027868	-0.027399	-0.072728	0.30268	0	0.019322	0.0054348	0
B6ZGU0	Q8IXI2	0.018998	0.055631	0.025852	5000	0.49254	-0.17111	0.50063	-0.21459	0.18697	0.10434	0.28302	-0.54185	0.36544	0.29647	0.40253	0.32053	0.42492	-0.37818	0.51835	0.35746	0	0.036495	0.094208	0
F4YH71	Q8IXI2	0.00055172	0.020234	0.01473	5000	0.47137	0.43704	0.56223	0.38307	0.29875	0.29498	0.35325	0.44636	0.35868	0.3128	0.38018	0.36858	0.54621	0.4435	0.43729	0.067371	0	0.0055997	-0.031725	0
F5H427	Q8IXI2	0	0	0	5000	0.33918	0.37572	0.57908	-0.13497	-0.15939	0.025747	0.1773	0.17005	0.48733	-0.10343	-0.13617	0.33544	0.3684	0.30393	0.28556	0.13186	0	0.028443	0.059356	0
O00584	Q8IXI2	0	0	0	5000	0.38541	-0.20938	0.057363	0.081169	0.32194	0.33655	0.33548	0.13657	0.39349	0.13527	-0.48944	0.29366	0.42554	-0.16033	0.42862	0.14717	0	0.013532	0.059347	0
O14543	Q8IXI2	0	0	1	5000	0.40305	-0.22757	0.53257	-0.44801	-0.22913	-0.015653	0.038089	-0.6933	-0.19129	0.068245	0.49595	0.32502	-0.3578	-0.29074	0.059745	0.22488	0	0.022996	0.10499	0
O35179	Q8IXI2	0.00055172	0.020234	0.01473	5000	0.47137	0.43704	0.56223	0.38307	0.29875	0.29498	0.35325	0.44636	0.35868	0.3128	0.38018	0.36858	0.54621	0.4435	0.43729	0.067371	0	0.0055997	-0.031725	0
O95182	Q8IXI2	0	0	0	378	0.24721	0.028877	0.037576	0.15804	0.35751	0.1888	0.035248	0.099058	0.64949	0.2969	0.11985	0.36967	-0.28695	-0.093519	-0.046225	0.14948	0	0.035921	0.086598	0
O95388	Q8IXI2	0	0	0	5000	0.41015	-0.12654	0.48016	0.036701	-0.30322	-0.078268	0.31727	-0.40232	-0.079816	0.3096	-0.091885	0.39495	-0.53869	-0.3467	0.33313	0.154	0	0.018311	-0.13303	0
P23193	Q8IXI2	0	0	0	5000	0.3128	0.31899	0.10526	0.27307	0.39801	0.21339	-0.041495	0.6426	0.099086	0.32763	0.20851	0.44754	0.50911	0.26646	-0.0062717	0.1555	0	0.028906	0.1505	0
P25440	Q8IXI2	0	0	0	5000	0.35101	0.019396	0.38708	-0.55549	-0.16859	0.11891	-0.17876	0.43065	-0.4044	0.30835	-0.30996	0.39652	0.25732	0.094676	-0.28613	0.13468	0	0.015192	0.22266	0
P31930	Q8IXI2	0	0	0	9.2	0.31069	0.018604	-0.043188	-0.038203	-0.35167	-0.37308	0.36543	0.30981	0.56498	0.30304	0.17233	0.41635	-0.53347	0.0040753	0.025326	0.13587	0	0.020985	0.18336	0
P46779	Q8IXI2	0	1	1	5000	0.30937	-0.092394	-0.51555	-0.21137	-0.2824	-0.4082	-0.056412	-0.11507	-0.10387	-0.068147	-0.4063	0.28969	-0.071718	0.18489	-0.12768	0.18414	0	0.089691	0.25296	0
P70338	Q8IXI2	0.00055172	0.020234	0.01473	5000	0.47137	0.43704	0.56223	0.38307	0.29875	0.29498	0.35325	0.44636	0.35868	0.3128	0.38018	0.36858	0.54621	0.4435	0.43729	0.067371	0	0.0055997	-0.031725	0
Q05513	Q8IXI2	0	1	1	31	0.28752	-0.048045	0.59012	0.24545	-0.13943	-0.20545	0.34262	-0.11083	0.094217	0.28756	-0.46869	0.32741	-0.47786	0.32077	0.083727	0.29255	0	0.01809	0.2759	0
Q08012	Q8IXI2	0.00055172	0.020234	0.01473	5000	0.47137	0.43704	0.56223	0.38307	0.29875	0.29498	0.35325	0.44636	0.35868	0.3128	0.38018	0.36858	0.54621	0.4435	0.43729	0.067371	0	0.0055997	-0.031725	0
Q15700	Q8IXI2	0	1	1	5000	0.34749	0.074286	0.65672	-0.22473	-0.18674	-0.06286	0.034182	-0.48559	0.56595	-0.088028	-0.084691	0.34962	-0.24747	-0.2061	0.060829	0.16028	0	0.026201	0.17243	0
Q56UH9	Q8IXI2	0.024368	0.067692	0.04875	5000	0.28556	0.38969	0.53121	-0.32335	0.10983	-0.083492	-0.07763	0.27985	-0.27938	-0.020962	0.1117	0.34779	0.08529	0.28902	-0.09584	0.20344	0	0.036358	0.057721	0
Q5VV89	Q8IXI2	0.00055172	0.020234	0.01473	5000	0.47137	0.43704	0.56223	0.38307	0.29875	0.29498	0.35325	0.44636	0.35868	0.3128	0.38018	0.36858	0.54621	0.4435	0.43729	0.067371	0	0.0055997	-0.031725	0
Q7CJQ0	Q8IXI2	0.00055172	0.020234	0.01473	5000	0.47137	0.43704	0.56223	0.38307	0.29875	0.29498	0.35325	0.44636	0.35868	0.3128	0.38018	0.36858	0.54621	0.4435	0.43729	0.067371	0	0.0055997	-0.031725	0
Q8IU54	Q8IXI2	0	0	0	5000	0.42898	0.34544	0.48269	-0.20427	0.31519	0.33123	0.38466	0.42531	0.44204	0.30753	0.33689	0.34807	0.43444	0.46473	0.49301	0.40285	0	0.019881	0.074406	0
Q8IXI2	B2R6C3	0.0068966	0.018462	0.027	5000	0.34807	-0.3819	0.83358	-0.52845	-0.16457	-0.12587	0.33975	-0.58815	0.37328	0.29489	-0.52995	0.35467	0.31941	0.041047	0.42418	0.16781	0	0.027292	0.055166	0
Q8IXI2	F5H2G7	0	0.030769	0.0145	5000	0.4032	0.04707	0.39383	0.19085	-0.36261	-0.17251	0.43031	-0.14078	-0.14867	0.29284	0.19971	0.37072	0.040451	0.36594	0.34505	0.15962	0	0.018227	-0.013866	0
Q8IXI2	O60282	0	1	0	5000	0.2708	-0.0078752	0.77871	-0.14818	0.21627	0.18841	0.22284	-0.36003	0.36669	0.33271	-0.3013	0.39805	-0.51354	0.049514	0.072903	0.42879	0	0.025895	0.19795	0
Q8IXI2	O68723	0.00055172	0.020234	0.01473	5000	0.47137	0.43704	0.56223	0.38307	0.29875	0.29498	0.35325	0.44636	0.35868	0.3128	0.38018	0.36858	0.54621	0.4435	0.43729	0.067371	0	0.0055997	-0.031725	0
Q8IXI2	O68791	0.00055172	0.020234	0.01473	5000	0.47137	0.43704	0.56223	0.38307	0.29875	0.29498	0.35325	0.44636	0.35868	0.3128	0.38018	0.36858	0.54621	0.4435	0.43729	0.067371	0	0.0055997	-0.031725	0
Q8IXI2	P51643	0.00055172	0.020234	0.01473	8.7	0.47137	0.43704	0.56223	0.38307	0.29875	0.29498	0.35325	0.44636	0.35868	0.3128	0.38018	0.36858	0.54621	0.4435	0.43729	0.067371	0	0.0055997	-0.073877	0
Q8IXI2	P56536	0.00055172	0.020234	0.01473	5000	0.47137	0.43704	0.56223	0.38307	0.29875	0.29498	0.35325	0.44636	0.35868	0.3128	0.38018	0.36858	0.54621	0.4435	0.43729	0.067371	0	0.0055997	-0.031725	0
Q8IXI2	P56546	0.00055172	0.020234	0.01473	5000	0.47137	0.43704	0.56223	0.38307	0.29875	0.29498	0.35325	0.44636	0.35868	0.3128	0.38018	0.36858	0.54621	0.4435	0.43729	0.067371	0	0.0055997	-0.031725	0
Q8IXI2	Q04149	0.00055172	0.020234	0.01473	5000	0.47137	0.43704	0.56223	0.38307	0.29875	0.29498	0.35325	0.44636	0.35868	0.3128	0.38018	0.36858	0.54621	0.4435	0.43729	0.067371	0	0.0055997	-0.031725	0
Q8IXI2	Q16099	0	0	1	5000	0.34021	-0.28249	0.51579	-0.094691	-0.15852	-0.19861	0.17887	-0.64278	-0.34778	-0.022875	-0.044697	0.33334	0.20312	-0.26457	-0.27902	0.21101	0	0.025836	0.14136	0
Q8IXI2	Q5NFN3	0.00055172	0.020234	0.01473	5000	0.47137	0.43704	0.56223	0.38307	0.29875	0.29498	0.35325	0.44636	0.35868	0.3128	0.38018	0.36858	0.54621	0.4435	0.43729	0.067371	0	0.0055997	-0.031725	0
Q8IXI2	Q5NGP5	0.00055172	0.020234	0.01473	5000	0.47137	0.43704	0.56223	0.38307	0.29875	0.29498	0.35325	0.44636	0.35868	0.3128	0.38018	0.36858	0.54621	0.4435	0.43729	0.067371	0	0.0055997	-0.031725	0
Q8IXI2	Q5NI66	0.00055172	0.020234	0.01473	5000	0.47137	0.43704	0.56223	0.38307	0.29875	0.29498	0.35325	0.44636	0.35868	0.3128	0.38018	0.36858	0.54621	0.4435	0.43729	0.067371	0	0.0055997	-0.031725	0
Q8IXI2	Q70CQ3	0	0	0	5000	0.32288	0.38033	0.49592	0.30751	0.26749	-0.0044358	-0.41446	0.33142	0.53632	-0.087011	-0.028886	0.34445	0.11645	0.42903	-0.033124	0.20849	0	0.022471	-0.0029244	0
Q8IXI2	Q71B31	0.00055172	0.020234	0.01473	5000	0.47137	0.43704	0.56223	0.38307	0.29875	0.29498	0.35325	0.44636	0.35868	0.3128	0.38018	0.36858	0.54621	0.4435	0.43729	0.067371	0	0.0055997	-0.031725	0
Q8IXI2	Q81JT7	0.00055172	0.020234	0.01473	5000	0.47137	0.43704	0.56223	0.38307	0.29875	0.29498	0.35325	0.44636	0.35868	0.3128	0.38018	0.36858	0.54621	0.4435	0.43729	0.067371	0	0.0055997	-0.031725	0
Q8IXI2	Q81QL7	0.00055172	0.020234	0.01473	5000	0.47137	0.43704	0.56223	0.38307	0.29875	0.29498	0.35325	0.44636	0.35868	0.3128	0.38018	0.36858	0.54621	0.4435	0.43729	0.067371	0	0.0055997	-0.031725	0
Q8IXI2	Q8CD09	0.00055172	0.020234	0.01473	5000	0.47137	0.43704	0.56223	0.38307	0.29875	0.29498	0.35325	0.44636	0.35868	0.3128	0.38018	0.36858	0.54621	0.4435	0.43729	0.067371	0	0.0055997	-0.031725	0
Q8IXI2	Q8R2H7	0.00055172	0.020234	0.01473	5000	0.47137	0.43704	0.56223	0.38307	0.29875	0.29498	0.35325	0.44636	0.35868	0.3128	0.38018	0.36858	0.54621	0.4435	0.43729	0.067371	0	0.0055997	-0.031725	0
Q8IXI2	Q91ZK0	0.00055172	0.020234	0.01473	5000	0.47137	0.43704	0.56223	0.38307	0.29875	0.29498	0.35325	0.44636	0.35868	0.3128	0.38018	0.36858	0.54621	0.4435	0.43729	0.067371	0	0.0055997	-0.031725	0
Q8IXI2	Q92622	0	1	0	5000	0.22442	0.1626	0.66304	-0.52839	-0.13749	-0.22893	0.20148	0.00090811	0.066382	0.30787	-0.21172	0.38297	0.087505	0.34138	0.15335	0.36851	0	0.018987	0.11861	0
Q8IXI2	Q96A04	0	0	0	5000	0.49855	0.48549	0.65553	-0.15605	0.32185	0.23539	0.46168	0.54134	0.46232	-0.10298	0.45887	0.37211	0.28278	0.51185	0.49542	0.13671	0	0.029125	0.049114	0
Q8IXI2	Q99755	0	1	1	5000	0.3908	-0.15965	0.51777	-0.072023	0.34603	0.33614	0.062517	-0.0056448	-0.19363	0.28962	0.10528	0.26629	0.15789	-0.31097	-0.10644	0.50534	0	0.1091	0.27058	0
Q8IXI2	Q9BQ83	0	1	0	5000	0.38485	-0.06197	-0.049623	0.21359	-0.24676	-0.17142	-0.084243	-0.4375	0.12626	-0.047205	-0.19281	0.30223	0.48861	-0.2383	0.1182	0.21311	0	0.023513	0.041824	0
Q8IXI2	Q9BUZ4	1	1	0	5000	0.42489	-0.076711	0.18232	-0.40846	0.0092215	0.043683	-0.13717	-0.29897	-0.07148	0.036293	-0.32716	0.32498	0.3661	-0.1589	-0.4899	0.25734	0	0.034152	0.14295	0
Q8IXI2	Q9BWF2	0	1	1	5000	0.45381	-0.21418	0.44958	-0.25715	-0.12045	-0.11886	0.086301	-0.58841	0.17565	0.28626	0.17783	0.31771	0.24193	-0.20204	0.28637	0.24134	0	0.038556	0.16411	0
Q8IXI2	Q9BZJ0	0	0	0	5000	0.35961	0.070035	0.62555	0.40669	0.49048	0.29044	-0.40373	0.69504	-0.14351	0.33061	-0.26676	0.47857	0.30095	0.4359	0.17517	0.35939	0	0.012704	0.28465	0
Q8IXI2	Q9HCE5	0	0	0	5000	0.37971	0.34992	0.53748	0.37037	0.12471	0.23246	0.3487	0.31257	0.34003	0.12475	-0.23202	0.36903	0.36244	0.34838	0.41806	0.13141	0	0.015596	0.058481	0
Q8IXI2	Q9UG07	0.00055172	0.020234	0.01473	5000	0.47137	0.43704	0.56223	0.38307	0.29875	0.29498	0.35325	0.44636	0.35868	0.3128	0.38018	0.36858	0.54621	0.4435	0.43729	0.067371	0	0.0055997	-0.031725	0
Q8IXI2	Q9UK43	0.0022989	0.10769	0.05	358	0.36191	-0.10502	0.29187	0.30187	0.33367	0.062012	0.054557	0.46827	0.077124	-0.028393	-0.21015	0.39111	-0.075748	0.22216	0.086767	0.34213	0	0.041347	-0.1065	0
Q8IXI2	Q9UPV9	0	1	0	5000	0.34601	0.065085	0.6714	0.20506	0.051924	-0.17532	-0.15729	0.28963	-0.11654	0.22308	-0.29108	0.33835	0.4333	0.033502	0.10906	0.14154	0	0.026412	0.20786	0
Q8NEV5	Q8IXI2	0.0067126	0.035077	0.02925	5000	0.35393	-0.12536	0.29673	-0.3612	-0.40709	-0.3531	-0.010468	0.11775	-0.30077	0.29323	0.16589	0.29195	-0.54242	0.029861	-0.097082	0.16497	0	0.02121	-0.0087629	0
Q8WV16	Q8IXI2	0	0	0	5000	0.37728	0.028904	0.5218	-0.55689	0.083989	-0.13961	0.19029	-0.55771	-0.067789	-0.076071	-0.28279	0.36501	0.34344	-0.27809	0.20348	0.24098	0	0.033784	-0.018394	0
Q8ZBK6	Q8IXI2	0.00055172	0.020234	0.01473	588	0.47137	0.43704	0.56223	0.38307	0.29875	0.29498	0.35325	0.44636	0.35868	0.3128	0.38018	0.36858	0.54621	0.4435	0.43729	0.067371	0	0.0055997	-0.068985	0
Q91WD5	Q8IXI2	0.00055172	0.020234	0.01473	5000	0.47137	0.43704	0.56223	0.38307	0.29875	0.29498	0.35325	0.44636	0.35868	0.3128	0.38018	0.36858	0.54621	0.4435	0.43729	0.067371	0	0.0055997	-0.031725	0
Q99650	Q8IXI2	0	0	0	5000	0.37581	0.14035	0.44976	-0.26283	0.20038	-0.10452	0.02774	0.11606	-0.09909	0.30206	0.1675	0.32984	-0.46723	0.019894	0.30371	0.27521	0	0.031669	-0.18496	0
Q99748	Q8IXI2	0	0	0	5000	0.45251	-0.17576	0.21455	0.19085	-0.10958	-0.04367	0.36474	-0.33211	0.43412	0.32584	0.42027	0.33607	0.33878	-0.33656	0.47061	0.2859	0	0.021741	0.042224	0
Q9H7U6	Q8IXI2	0.00055172	0.020234	0.01473	5000	0.47137	0.43704	0.56223	0.38307	0.29875	0.29498	0.35325	0.44636	0.35868	0.3128	0.38018	0.36858	0.54621	0.4435	0.43729	0.067371	0	0.0055997	-0.031725	0
