uniprot_id1	uniprot_id2	go_function	go_component	go_process	sequence_similarity	coexpression1	coexpression2	coexpression3	coexpression4	coexpression5	coexpression6	coexpression7	coexpression8	coexpression9	coexpression10	coexpression11	coexpression12	coexpression13	coexpression14	coexpression15	localization	homology_yeast	domain_domain_interaction	score	hprd_flag
A8K9B1	Q8IZ52	0.00045977	0.033846	0.0215	5000	-0.033447	0.51567	0.48155	0.43519	0.25054	0.21684	0.32314	0.1583	0.50681	0.30218	-0.50184	0.09823	0.55772	0.17121	0.46918	0.104	0	0.025122	0.337	0
O08573	Q8IZ52	0.00055172	0.020234	0.01473	5000	0.47137	0.43704	0.56223	0.38307	0.29875	0.29498	0.35325	0.44636	0.35868	0.3128	0.38018	0.36858	0.54621	0.4435	0.43729	0.067371	0	0.0055997	-0.031725	0
O15198	Q8IZ52	0	0	0	5000	-0.15635	0.27567	0.52881	-0.17397	0.34081	0.33108	-0.02657	0.25159	-0.063398	0.30924	0.3557	0.24999	-0.29913	0.14195	-0.033486	0	0	0.02962	0.14466	0
O95388	Q8IZ52	0	0	0	5000	0.040039	0.24979	0.59557	0.054679	0.30158	0.29618	-0.18374	0.081287	-0.17071	0.31082	0.36772	0.19536	0.0095111	0.42493	0.46631	0	0	0.014013	0.23163	0
P0C6Z4	Q8IZ52	0.00055172	0.020234	0.01473	5000	0.47137	0.43704	0.56223	0.38307	0.29875	0.29498	0.35325	0.44636	0.35868	0.3128	0.38018	0.36858	0.54621	0.4435	0.43729	0.067371	0	0.0055997	-0.031725	0
P12757	Q8IZ52	0	0	0	5000	-0.15933	0.44367	0.51314	0.12029	0.26372	0.29847	-0.054126	0.41139	0.43443	0.28594	0.060713	0.26366	-0.042686	0.065773	-0.0043199	0	0	0.029493	0.12138	0
P56559	Q8IZ52	0	0	0	5000	-0.194	-0.28689	0.072602	0.22819	0.27195	0.28821	0.11998	0.18342	-0.17623	0.29569	0.093651	-0.048213	-0.50667	0.27212	0.032352	0	0	0.037953	0.16286	0
P62068	Q8IZ52	0	0	0	5000	0.12417	0.0085402	0.63422	-0.3482	0.28517	0.24642	-0.079387	0.14798	0.37301	0.27998	0.31079	-0.25703	0.28187	-0.14815	-0.070267	0	0	0.02317	0.43078	0
P63059	Q8IZ52	0.00055172	0.020234	0.01473	5000	0.47137	0.43704	0.56223	0.38307	0.29875	0.29498	0.35325	0.44636	0.35868	0.3128	0.38018	0.36858	0.54621	0.4435	0.43729	0.067371	0	0.0055997	-0.031725	0
Q01780	Q8IZ52	0	0	0	5000	-0.2572	0.27202	0.11548	-0.10395	0.40257	0.26853	0.28811	0.056381	0.37259	0.34157	-0.68311	-0.17648	0.41894	-0.1071	0.4154	0.17298	0	0.017965	0.39757	0
Q04900	Q8IZ52	0	0	0	5000	0.20438	-0.67053	0.22792	0.34177	0.17181	0.17796	0.3734	-0.45992	0.41102	0.32213	-0.19387	0.003635	0.4231	-0.2223	0.36547	0	0	0.018102	0.22161	0
Q07113	Q8IZ52	0.00055172	0.020234	0.01473	5000	0.47137	0.43704	0.56223	0.38307	0.29875	0.29498	0.35325	0.44636	0.35868	0.3128	0.38018	0.36858	0.54621	0.4435	0.43729	0.067371	0	0.0055997	-0.031725	0
Q5RKV6	Q8IZ52	0	0	0	5000	0.38404	0.31352	0.33308	-0.11269	0.33332	0.24709	0.34661	0.38068	0.39317	0.32625	0.36348	0.40382	0.49711	0.39851	-0.2884	0.32024	0	0.038504	0.099207	1
Q60760	Q8IZ52	0.00055172	0.020234	0.01473	5000	0.47137	0.43704	0.56223	0.38307	0.29875	0.29498	0.35325	0.44636	0.35868	0.3128	0.38018	0.36858	0.54621	0.4435	0.43729	0.067371	0	0.0055997	-0.031725	0
Q62261	Q8IZ52	0.00055172	0.020234	0.01473	5000	0.47137	0.43704	0.56223	0.38307	0.29875	0.29498	0.35325	0.44636	0.35868	0.3128	0.38018	0.36858	0.54621	0.4435	0.43729	0.067371	0	0.0055997	-0.031725	0
Q86V97	Q8IZ52	0	0	0	547	0.24973	0.35521	0.49896	-0.31875	0.29291	0.31872	-0.044134	0.41843	0.32208	0.34749	0.44341	0.45815	-0.42219	0.33713	-0.42455	0.25511	0	0.016489	0.051982	0
Q8D0H8	Q8IZ52	0.00055172	0.020234	0.01473	5000	0.47137	0.43704	0.56223	0.38307	0.29875	0.29498	0.35325	0.44636	0.35868	0.3128	0.38018	0.36858	0.54621	0.4435	0.43729	0.067371	0	0.0055997	-0.031725	0
Q8IZ52	A6NNV6	0.013793	0.092308	0.0625	5000	-0.003978	-0.56799	0.20176	0.10234	0.38067	0.34766	0.016053	-0.32158	-0.14615	0.29847	-0.6097	-0.17376	0.081331	0.32814	0.17119	0.44774	0	0.10612	0.26375	0
Q8IZ52	O43614	0	0	0	5000	0.038508	0.042938	0.54773	0.28059	0.29431	0.33891	0.31105	0.35072	-0.16411	0.32175	-0.086145	0.084525	-0.55642	0.16683	-0.038587	0	0	0.020896	0.16898	0
Q8IZ52	P23434	0	0	0	5000	0.2651	-0.29321	0.4321	-0.46959	0.3254	0.29133	0.31785	-0.017975	0.49033	0.32558	-0.25394	-0.27188	0.46706	0.27106	0.44214	0	0	0.037064	0.3574	0
Q8IZ52	P26439	0	0	1	5000	-0.021416	0.03375	0.040502	0.54931	0.29173	0.28049	0.44591	0.23398	0.28462	0.3121	-0.069311	-0.097374	0.46209	0.33938	0.49783	0.15818	0	0.032762	0.3422	0
Q8IZ52	P68036	0	0	0	5000	0.19453	-0.17634	0.54688	0.065507	0.21198	0.26747	-0.042356	-0.18704	0.30357	0.29169	0.07746	0.05176	0.20461	0.057635	0.047178	0.10479	0	0.077291	0.084865	0
Q8IZ52	Q04864	0	0	0	5000	-0.10912	-0.00020579	0.56575	0.0040184	0.25238	0.34625	-0.050036	0.18253	0.0023182	0.3045	-0.03442	0.21092	-0.51177	0.0016099	0.1164	0	0	0.027716	0.15643	0
Q8IZ52	Q13526	0	0	0	5000	-0.16742	0.24641	0.27458	-0.39424	0.32995	0.26997	-0.0011306	0.3863	0.25858	0.32738	-0.47501	-0.021611	0.70667	-0.066082	0.35486	0	0	0.021372	0.33442	1
Q8IZ52	Q14186	0	0	0	5000	-0.091758	0.076852	-0.0011983	-0.3421	0.37688	0.31362	-0.06892	0.024857	-0.26656	0.29941	-0.59037	-0.19187	0.028094	0.010454	0.078727	0	0	0.03509	0.35411	0
Q8IZ52	Q14914	0	0	0	5000	0.20868	0.28799	0.40329	-0.21593	0.3592	0.35169	0.15645	0.15319	0.059264	0.30194	0.207	0.31762	-0.68064	0.41136	-0.05798	0.46784	0	0.091149	-0.033626	0
Q8IZ52	Q15691	0	0	0	873	0.058387	0.34201	0.38112	0.083695	0.372	0.32598	-0.10742	-0.28008	-0.10579	0.3103	-0.26851	-0.25516	-0.61995	-0.1729	0.39223	0.21691	0	0.085062	0.3624	0
Q8IZ52	Q1JQ97	0.00055172	0.020234	0.01473	5000	0.47137	0.43704	0.56223	0.38307	0.29875	0.29498	0.35325	0.44636	0.35868	0.3128	0.38018	0.36858	0.54621	0.4435	0.43729	0.067371	0	0.0055997	-0.031725	0
Q8IZ52	Q28362	0.00055172	0.020234	0.01473	5000	0.47137	0.43704	0.56223	0.38307	0.29875	0.29498	0.35325	0.44636	0.35868	0.3128	0.38018	0.36858	0.54621	0.4435	0.43729	0.067371	0	0.0055997	-0.031725	0
Q8IZ52	Q53TM1	0.026667	0.052308	0.04875	5000	0.2924	0.32564	0.47074	-0.058158	0.27925	0.29123	0.095428	0.22667	0.023883	0.28026	0.029671	0.25571	0.3235	0.36337	0.11317	0.27024	0	0.047959	0.10545	0
Q8IZ52	Q5NHZ4	0.00055172	0.020234	0.01473	5000	0.47137	0.43704	0.56223	0.38307	0.29875	0.29498	0.35325	0.44636	0.35868	0.3128	0.38018	0.36858	0.54621	0.4435	0.43729	0.067371	0	0.0055997	-0.031725	0
Q8IZ52	Q5TG12	0	0	0	5000	0.26577	0.47823	0.55928	0.4312	0.41201	0.38808	0.37428	0.4443	0.51697	0.40478	0.39034	0.38049	0.3826	0.46858	0.45595	0.21478	0	0.003394	0.075338	0
Q8IZ52	Q7CL40	0.00055172	0.020234	0.01473	5000	0.47137	0.43704	0.56223	0.38307	0.29875	0.29498	0.35325	0.44636	0.35868	0.3128	0.38018	0.36858	0.54621	0.4435	0.43729	0.067371	0	0.0055997	-0.031725	0
Q8IZ52	Q7KU24	0.00055172	0.020234	0.01473	5000	0.47137	0.43704	0.56223	0.38307	0.29875	0.29498	0.35325	0.44636	0.35868	0.3128	0.38018	0.36858	0.54621	0.4435	0.43729	0.067371	0	0.0055997	-0.031725	0
Q8IZ52	Q81TR0	0.00055172	0.020234	0.01473	5000	0.47137	0.43704	0.56223	0.38307	0.29875	0.29498	0.35325	0.44636	0.35868	0.3128	0.38018	0.36858	0.54621	0.4435	0.43729	0.067371	0	0.0055997	-0.031725	0
Q8IZ52	Q86UU0	0	0	0	5000	0.32589	0.33465	0.50022	0.33203	0.27689	0.35633	0.32645	0.27033	0.29663	0.313	0.37135	0.33059	0.53281	0.45937	0.45349	0.31226	1	0.1046	0.23992	0
Q8IZ52	Q8BH64	0.00055172	0.020234	0.01473	5000	0.47137	0.43704	0.56223	0.38307	0.29875	0.29498	0.35325	0.44636	0.35868	0.3128	0.38018	0.36858	0.54621	0.4435	0.43729	0.067371	0	0.0055997	-0.031725	0
Q8IZ52	Q8BLR7	0.00055172	0.020234	0.01473	5000	0.47137	0.43704	0.56223	0.38307	0.29875	0.29498	0.35325	0.44636	0.35868	0.3128	0.38018	0.36858	0.54621	0.4435	0.43729	0.067371	0	0.0055997	-0.031725	0
Q8IZ52	Q8WYP5	0	0	0	5000	0.045339	0.097929	0.36866	0.076784	0.27076	0.23754	0.039417	-0.21043	0.22525	0.29409	0.07176	0.33115	-0.55401	0.062752	0.020733	0.26948	0	0.079612	-0.023469	0
Q8IZ52	Q92823	0	0	0	5000	-0.088929	0.42906	0.50687	0.53859	0.32886	0.39533	-0.040316	-0.28818	0.14883	0.30642	-0.32478	0.010386	0.16586	-0.020554	-0.14345	0	0	0.033707	0.20742	0
Q8IZ52	Q99567	0	0	0	81	0.037918	0.077667	0.21473	0.54176	0.21758	0.23116	0.45777	0.30389	0.32633	0.33091	-0.60272	0.01481	-0.15187	0.21695	0.10422	0.17984	0	0.016811	0.27527	0
Q8IZ52	Q9BQC6	0	0	0	5000	0.29904	-0.027179	0.7286	-0.30071	0.38463	0.33992	0.37935	0.54273	0.47562	0.36002	-0.67778	0.46299	0.78553	0.068104	-0.091952	0.26151	0	0.014425	0.37935	0
Q8IZ52	Q9BU74	0	0	0	5000	0.26577	0.47823	0.55928	0.4312	0.41201	0.38808	0.37428	0.4443	0.51697	0.40478	0.39034	0.38049	0.3826	0.46858	0.45595	0.21478	0	0.003394	0.075338	0
Q8IZ52	Q9JHG6	0.00055172	0.020234	0.01473	5000	0.47137	0.43704	0.56223	0.38307	0.29875	0.29498	0.35325	0.44636	0.35868	0.3128	0.38018	0.36858	0.54621	0.4435	0.43729	0.067371	0	0.0055997	-0.031725	0
Q8IZ52	Q9NPD3	0	0	0	5000	0.45891	0.75345	0.65747	0.48774	0.37484	0.32302	-0.042536	0.4897	-0.17865	0.34363	0.50547	0.37029	0.033814	0.51566	0.045402	0.32622	0	0.017821	-0.14372	0
Q8IZ52	Q9NXU5	0	0	0	5000	0.29676	0.12022	0.36	-0.11706	0.28998	0.27274	-0.037982	-0.13899	0.25355	0.29715	0.104	0.2786	-0.32693	0.10759	0.028844	0.25518	0	0.081884	-0.027487	0
Q8IZ52	Q9Z2Q4	0.00055172	0.020234	0.01473	5000	0.47137	0.43704	0.56223	0.38307	0.29875	0.29498	0.35325	0.44636	0.35868	0.3128	0.38018	0.36858	0.54621	0.4435	0.43729	0.067371	0	0.0055997	-0.031725	0
Q8NDN9	Q8IZ52	0	0	0	5000	0.29676	-0.41393	0.41086	-0.37969	0.31198	0.27274	-0.021746	-0.5231	0.22387	0.29715	0.015353	0.2786	-0.29751	-0.46385	-0.24465	0.25518	0	0.081884	0.18065	0
Q8NEV5	Q8IZ52	0.029057	0.059692	0.03961	5000	-0.049368	0.34938	0.48586	0.42447	0.22592	0.26913	-0.00085742	0.24519	-0.21784	0.29115	-0.78994	-0.16714	0.3339	-0.013285	0.083176	0.18928	0	0.031823	0.46626	0
Q8WV35	Q8IZ52	0.00091954	0.024615	0.02875	5000	0.29085	0.38675	0.45364	0.18158	0.38679	0.35755	0.35313	0.53871	0.3776	0.31571	0.067136	0.33486	0.53482	0.42554	0.42401	0	0	0.21841	0.20673	0
Q969U7	Q8IZ52	0	0	0	5000	0.3307	-0.61381	0.29996	-0.13781	0.32267	0.32328	-0.083112	-0.2208	-0.061735	0.29484	0.18704	0.30823	-0.52829	-0.20653	0.20736	0.23348	0	0.088387	0.034622	0
Q96CM4	Q8IZ52	0	0	0	5000	0.47213	0.43789	0.67364	0.18373	0.30464	0.25686	0.40267	0.55669	0.49566	0.15398	0.46682	0.36903	0.39619	0.49296	0.44405	0.1906	0	0.032709	-0.021804	0
Q96GC1	Q8IZ52	0	0	0	5000	0.29572	0.43152	0.53791	0.42607	0.39891	0.36438	0.36895	0.51935	0.47988	0.38105	0.34988	0.36314	0.45884	0.49357	0.49419	0	0	0.0016652	0.12052	0
Q9H251	Q8IZ52	0	0	1	5000	0.28445	0.40263	0.44003	0.14142	0.37333	0.38113	0.39699	0.46215	0.45597	0.37812	-0.30987	0.29139	0.38236	0.32867	0.50109	0	0	0.036869	0.40182	0
Q9NRP4	Q8IZ52	0	0	0	5000	0.28613	-0.073762	0.37418	-0.028531	0.3592	0.3095	0.18372	-0.19638	0.039617	0.28731	0.052779	0.26735	-0.16799	0.072484	-0.058468	0.43348	0	0.089856	-0.0042774	0
Q9P2M1	Q8IZ52	0	0	0	5000	0.31197	-0.11032	0.22765	-0.028761	0.37144	0.27012	0.10059	0.40052	-0.041585	0.31714	-0.33678	0.38217	-0.33133	-0.055864	0.16427	0.133	0	0.019257	0.1504	0
Q9WMX2	Q8IZ52	0.00055172	0.020234	0.01473	5000	0.47137	0.43704	0.56223	0.38307	0.29875	0.29498	0.35325	0.44636	0.35868	0.3128	0.38018	0.36858	0.54621	0.4435	0.43729	0.067371	0	0.0055997	-0.031725	0
Q9Z2D0	Q8IZ52	0.00055172	0.020234	0.01473	5000	0.47137	0.43704	0.56223	0.38307	0.29875	0.29498	0.35325	0.44636	0.35868	0.3128	0.38018	0.36858	0.54621	0.4435	0.43729	0.067371	0	0.0055997	-0.031725	0
