uniprot_id1	uniprot_id2	go_function	go_component	go_process	sequence_similarity	coexpression1	coexpression2	coexpression3	coexpression4	coexpression5	coexpression6	coexpression7	coexpression8	coexpression9	coexpression10	coexpression11	coexpression12	coexpression13	coexpression14	coexpression15	localization	homology_yeast	domain_domain_interaction	score	hprd_flag
A3KLL5	Q9BXM7	0	0.0030769	0.00825	5000	0.066685	-0.39094	0.74212	0.58092	0.15675	-0.055061	0.32428	-0.12616	0.021591	0.30642	-0.2381	0.36816	0.51589	-0.21637	-0.46051	0.078008	0	0.017342	0.37737	0
A4D1R4	Q9BXM7	0.005977	0.04	0.0355	5000	0.30645	-0.47159	0.35838	0.043482	0.051599	0.037282	0.059722	0.03476	-0.042708	0.28774	0.030403	0.26596	0.15384	-0.16025	0.060132	0.25797	0	0.026601	0.066559	0
O15021	Q9BXM7	0	3	0	3e-06	0.13812	0.33385	0.56879	-0.12834	0.35207	0.39725	0.23602	0.013136	0.29873	0.27244	0.15689	0.064951	0.18997	0.3427	-0.32496	0.6112	0	10	0.47507	0
O95163	Q9BXM7	1	2	0	5000	-0.19298	-0.2386	0.46437	-0.15551	-0.057335	-0.076833	0.11591	0.11026	0.38012	0.29314	-0.15521	0.13539	-0.13777	0.11089	-0.0099078	0.23868	0	0.075337	0.28819	0
P01920	Q9BXM7	0	0	1	5000	0.039743	0.0047294	-0.22026	-0.39035	-0.072474	0.017664	-0.011082	-0.13939	-0.43688	0.29884	0.46327	-0.15713	-0.48374	0.34755	-0.30901	0.29339	0	0.080199	0.27924	0
P07099	Q9BXM7	0	0	1	5000	0.13333	-0.19204	0.16591	-0.057643	-0.18956	-0.23444	0.038837	0.28543	0.52615	0.30525	0.28521	0.27223	-0.23158	0.17148	-0.21729	0.13387	0	0	0.36864	0
P62760	Q9BXM7	0	0	0	5000	0.22868	-0.10363	0.69649	0.10866	0.020723	-0.23957	0.38128	-0.22477	0.5469	0.27326	0.25922	0.49012	0.33047	0.26352	-0.1132	0.12138	0	8	0.40101	0
Q04756	Q9BXM7	0	0	0	5000	0.18247	0.32608	0.13935	-0.27656	-0.07326	-0.059488	0.33685	0.20077	0.40644	0.30114	0.26599	0.24386	0.39466	0.057011	0.43758	0.19566	0	0	0.082728	0
Q6ZV73	Q9BXM7	0	0	0	5000	0.36771	0.23559	0.41866	0.19657	0.06073	-0.017844	0.25835	-0.026973	-0.43342	0.28299	0.27416	0.30684	-0.43872	-0.23217	-0.41168	0.28954	0	5	-0.01201	0
Q71U35	Q9BXM7	0.00055172	0.020234	0.01473	5000	0.47137	0.43704	0.56223	0.38307	0.29875	0.29498	0.35325	0.44636	0.35868	0.3128	0.38018	0.36858	0.54621	0.4435	0.43729	0.067371	0	0.0055997	-0.031725	0
Q7BTW9	Q9BXM7	0.00055172	0.020234	0.01473	5000	0.47137	0.43704	0.56223	0.38307	0.29875	0.29498	0.35325	0.44636	0.35868	0.3128	0.38018	0.36858	0.54621	0.4435	0.43729	0.067371	0	0.0055997	-0.031725	0
Q81RU2	Q9BXM7	0.00055172	0.020234	0.01473	5000	0.47137	0.43704	0.56223	0.38307	0.29875	0.29498	0.35325	0.44636	0.35868	0.3128	0.38018	0.36858	0.54621	0.4435	0.43729	0.067371	0	0.0055997	-0.031725	0
Q8N5C6	Q9BXM7	0	0	0	5000	0.28538	-0.12412	0.21464	-0.14146	0.33317	0.038133	0.37467	-0.17698	-0.50283	0.30766	-0.26155	0.40566	-0.40218	0.034346	0.22635	0.26518	0	0.023905	0.17243	0
Q8NCK5	Q9BXM7	0.00055172	0.020234	0.01473	5000	0.47137	0.43704	0.56223	0.38307	0.29875	0.29498	0.35325	0.44636	0.35868	0.3128	0.38018	0.36858	0.54621	0.4435	0.43729	0.067371	0	0.0055997	-0.031725	0
Q8ZC51	Q9BXM7	0.00055172	0.020234	0.01473	5000	0.47137	0.43704	0.56223	0.38307	0.29875	0.29498	0.35325	0.44636	0.35868	0.3128	0.38018	0.36858	0.54621	0.4435	0.43729	0.067371	0	0.0055997	-0.031725	0
Q8ZDX8	Q9BXM7	0.00055172	0.020234	0.01473	5000	0.47137	0.43704	0.56223	0.38307	0.29875	0.29498	0.35325	0.44636	0.35868	0.3128	0.38018	0.36858	0.54621	0.4435	0.43729	0.067371	0	0.0055997	-0.031725	0
Q96HG3	Q9BXM7	0	0	0	5000	-0.17959	0.10602	0.63375	-0.074791	0.31978	0.11821	0.1697	-0.089182	0.051816	0.25944	-0.34118	0.24852	0.61973	-0.12133	0.23902	0.2795	0	0	0.072138	0
Q9BS35	Q9BXM7	0.0010115	0.024542	0.0051078	5000	0.41918	0.38853	0.54673	0.41471	0.41398	0.33457	0.35213	0.40666	0.39607	0.32709	0.38805	0.35128	0.48129	0.47019	0.50191	0.18177	0	0	-0.0065789	0
Q9BXM7	A4D1V4	0.031264	0.11385	0.0585	5000	0.327	0.35298	0.43562	0.24459	0.24067	0.20877	-0.15347	0.36963	0.17098	0.29014	-0.31409	0.24326	-0.17518	0.36587	0.1203	0.42854	0	0.054842	0.022577	0
Q9BXM7	B1AWL9	0.00055172	0.020234	0.01473	5000	0.47137	0.43704	0.56223	0.38307	0.29875	0.29498	0.35325	0.44636	0.35868	0.3128	0.38018	0.36858	0.54621	0.4435	0.43729	0.067371	0	0.0055997	-0.031725	0
Q9BXM7	D5MQE1	0.016092	0.061538	0.03125	5000	0.074902	0.048904	0.53905	-0.41243	0.32728	0.099415	-0.23432	-0.2247	0.13475	0.29661	-0.17692	0.11031	0.16673	-0.10944	0.41129	0.40431	0	0.035537	0.13265	0
Q9BXM7	O60260	3	2	2	5000	0.21953	-0.043765	0.55343	0.23965	-0.040786	0.098649	0.27542	-0.017278	-0.035527	0.28886	0.19366	-0.39273	0.37023	0.26657	-0.19567	0.19417	0	0.072329	0.55023	0
Q9BXM7	O60725	0	0	1	5000	0.24889	0.27875	0.61596	0.31206	0.50551	0.21104	0.0015914	0.56802	0.25736	0.35026	-0.63445	-0.0025921	0.74252	-0.15759	0.41931	0.28686	0	0.063247	0.60874	0
Q9BXM7	P0CG48	1	1	1	5000	0.18712	0.46406	0.78121	0.38405	-0.023261	-0.14037	0.37106	0.27438	0.46853	0.29351	0.28621	0.19787	0.42957	0.19972	0.43214	0.29206	0	0.078371	0.22369	0
Q9BXM7	P23435	0	0	0	5000	0.0064264	0.22227	0.22496	0.002667	-0.079958	-0.10132	0.1865	-0.20521	-0.10157	0.29512	-0.18337	0.12202	0.68314	-0.059818	0.052489	0.1938	0	0.021983	-0.030553	0
Q9BXM7	P24522	0	1	0	5000	-0.03882	0.1106	0.058416	-0.2464	0.41423	0.18892	0.16685	0.19822	-0.23602	0.29816	0.33571	-0.30457	-0.25519	-0.19342	-0.014019	0.35963	0	0.087108	0.42397	0
Q9BXM7	P28222	0	0	0	5000	0.22117	0.40945	0.33161	-0.08106	0.15322	0.1607	0.36112	-0.063895	0.42965	0.32369	0.11205	0.19504	0.49253	0.076925	0.35886	0.19937	0	0.025977	0.083357	0
Q9BXM7	P32233	0.00055172	0.020234	0.01473	5000	0.47137	0.43704	0.56223	0.38307	0.29875	0.29498	0.35325	0.44636	0.35868	0.3128	0.38018	0.36858	0.54621	0.4435	0.43729	0.067371	0	0.0055997	-0.031725	0
Q9BXM7	P42859	0.00055172	0.020234	0.01473	5000	0.47137	0.43704	0.56223	0.38307	0.29875	0.29498	0.35325	0.44636	0.35868	0.3128	0.38018	0.36858	0.54621	0.4435	0.43729	0.067371	0	0.0055997	-0.031725	0
Q9BXM7	Q01973	0	1	0	0.052	0.089128	0.26194	0.32223	-0.32105	-0.15803	-0.27293	0.37132	-0.15047	0.44576	0.39916	-0.12316	0.05916	0.39207	0.57776	0.46516	0.42888	0	0.032503	0.11677	0
Q9BXM7	Q12931	0	1	1	5000	-0.35702	-0.013557	0.73853	-0.082035	0.28732	0.29823	-0.020124	0.29099	0.26047	0.28479	-0.44785	0.097722	0.49761	-0.20568	0.041084	0.37582	0	0.045054	0.41962	0
Q9BXM7	Q14457	0	1	0	5000	0.17251	-0.53377	0.69938	0.18547	0.33978	0.32556	0.14402	0.17802	0.076027	0.30876	0.34348	0.039452	-0.24438	-0.25298	0.24339	0.56047	0	0.1013	0.23553	0
Q9BXM7	Q15388	0	1	2	5000	-0.2072	-0.11832	0.70708	0.20522	0.12271	0.11504	0.3703	0.1885	0.45206	0.35721	0.12228	-0.17551	0.43943	-0.19197	0.44166	0.29567	0	0.035848	0.66092	0
Q9BXM7	Q53TS8	0	0.015385	0.025	2737	0.38407	0.39171	0.50115	0.4672	0.31541	0.27148	0.23019	0.37753	0.11499	0.30835	0.41995	0.38586	0.58677	0.42993	-0.07002	0.14342	0	0.026576	-0.030432	0
Q9BXM7	Q53X12	0.0078161	0.043077	0.01865	5000	0.042946	0.31435	0.83349	0.098239	0.17157	0.36295	0.19121	0.27116	0.63433	0.26571	0.34219	0.47147	0.2949	0.34612	0.012693	0.22518	0	0.051309	0.22169	0
Q9BXM7	Q5NE83	0.00055172	0.020234	0.01473	5000	0.47137	0.43704	0.56223	0.38307	0.29875	0.29498	0.35325	0.44636	0.35868	0.3128	0.38018	0.36858	0.54621	0.4435	0.43729	0.067371	0	0.0055997	-0.031725	0
Q9BXM7	Q658J6	0.0096552	0.026215	0.0165	5000	0.145	-0.017471	0.76863	-0.047152	0.35748	0.35456	0.45319	0.40261	0.69217	0.31482	0.23535	0.056675	0.6379	0.14821	0.03995	0.27217	0	0.034212	0.37763	0
Q9BXM7	Q6PJP8	0	0	0	5000	0.23208	0.15641	0.4289	0.10658	-0.11888	-0.30166	0.34449	-0.042212	0.39124	0.294	-0.35152	0.062059	-0.39267	0.016724	-0.0036061	0.14441	0	0.016142	0.048977	0
Q9BXM7	Q81WY2	0.00055172	0.020234	0.01473	5000	0.47137	0.43704	0.56223	0.38307	0.29875	0.29498	0.35325	0.44636	0.35868	0.3128	0.38018	0.36858	0.54621	0.4435	0.43729	0.067371	0	0.0055997	-0.031725	0
Q9BXM7	Q8IZR3	0.03908	0.12308	0.075	5000	-0.02734	0.33595	0.6727	-0.45719	0.35947	0.35958	0.32735	0.14398	0.30673	0.2709	0.017701	0.12493	-0.081144	0.48485	-0.1006	0.55474	0	0.11295	0.23875	0
Q9BXM7	Q8KRB4	0.00055172	0.020234	0.01473	5000	0.47137	0.43704	0.56223	0.38307	0.29875	0.29498	0.35325	0.44636	0.35868	0.3128	0.38018	0.36858	0.54621	0.4435	0.43729	0.067371	0	0.0055997	-0.031725	0
Q9BXM7	Q8N512	0.00055172	0.020234	0.01473	5000	0.47137	0.43704	0.56223	0.38307	0.29875	0.29498	0.35325	0.44636	0.35868	0.3128	0.38018	0.36858	0.54621	0.4435	0.43729	0.067371	0	0.0055997	-0.031725	0
Q9BXM7	Q8NC67	0	0	1	5000	0.26405	0.24661	0.37999	-0.074819	0.17269	0.1832	-0.11371	-0.19192	0.2267	0.30562	-0.18169	0.29924	-0.031745	-0.3617	0.093034	0.24909	0	0.083744	0.11953	0
Q9BXM7	Q8ZCW0	0.00055172	0.020234	0.01473	5000	0.47137	0.43704	0.56223	0.38307	0.29875	0.29498	0.35325	0.44636	0.35868	0.3128	0.38018	0.36858	0.54621	0.4435	0.43729	0.067371	0	0.0055997	-0.031725	0
Q9BXM7	Q96NI0	0	0.015385	0.013134	5000	0.42955	0.4471	0.57979	-0.39495	0.35572	0.35778	0.37929	0.42855	0.44349	0.36003	0.30405	0.36853	0.45028	0.50222	0.48773	0.12638	0	0.0048959	0.22347	0
Q9BXM7	Q9BYT3	0	2	0	0.001	0.35873	0.42174	0.56984	0.060883	0.037281	0.0042772	-0.071603	0.31836	-0.13657	0.37691	0.12413	0.30804	-0.63038	0.36484	0.048009	0.52255	0	8	0.076866	0
Q9BXM7	Q9UID6	0	1	0	5000	0.38032	0.073493	0.26557	0.31702	-0.042878	0.071868	0.068977	0.11972	-0.072242	0.29091	-0.37089	0.27534	-0.50097	0.11585	0.013033	0.097819	0	0	0.044418	0
Q9H1P3	Q9BXM7	0	0	0	5000	0.1782	-0.01712	0.68138	-0.19133	0.092442	0.15796	0.2878	0.23443	0.33606	0.24731	0.47087	0.12114	0.27117	-0.11517	0.018302	0.094496	0	0.023898	0.18308	0
Q9H3H9	Q9BXM7	0	0	0	5000	0.31277	0.38718	0.75975	0.21846	0.322	0.27408	0.21957	0.15908	0.15305	0.26789	0.42707	0.25178	-0.52192	0.28262	-0.2237	0.14788	0	0.030962	-0.12339	0
Q9NR09	Q9BXM7	1	1	0	5000	0.29919	0.43215	0.53036	-0.0043628	0.088251	-0.089457	0.31325	0.31559	-0.28706	0.30199	-0.0074406	0.38497	-0.25748	0.37042	-0.18465	0.61131	0	1	0.13171	0
Q9UHM6	Q9BXM7	0	0	1	5000	0.33887	0.37107	0.55114	-0.42582	0.023719	-0.11955	0.32317	0.20759	0.40255	0.28795	0.16059	0.39745	0.34694	0.26066	0.34846	0.36781	0	0	0.049242	0
