uniprot_id1	uniprot_id2	go_function	go_component	go_process	sequence_similarity	coexpression1	coexpression2	coexpression3	coexpression4	coexpression5	coexpression6	coexpression7	coexpression8	coexpression9	coexpression10	coexpression11	coexpression12	coexpression13	coexpression14	coexpression15	localization	homology_yeast	domain_domain_interaction	score	hprd_flag
A4D1G0	Q9Y3I1	0.0050575	0.033846	0.01625	5000	-0.17929	-0.14701	0.16668	-0.36678	0.33515	-0.12991	0.30966	-0.27425	0.42793	0.1864	0.10585	0.21232	0.40612	-0.14182	0.49236	0	0	0.038703	0.057575	0
A8K6A1	Q9Y3I1	0	0	1	5000	-0.13384	0.00099902	0.22654	0.039319	0.34041	0.26987	0.37185	-0.11162	0.37842	-0.12434	-0.082944	-0.096574	0.26406	0.029241	0.40907	1	0	0.10696	0.45528	0
A8K7I4	Q9Y3I1	0	0	0	5000	-0.061934	0.095123	0.19103	0.20441	0.047606	0.11342	0.31803	-0.3429	0.39152	0.31159	0.063984	0.080321	0.45771	-0.21463	0.40204	0.15792	0	0.021938	0.11371	0
E5KNL5	Q9Y3I1	0.0010115	0.0067692	0.012102	5000	-0.16863	-0.26846	0.10047	-0.33378	0.15791	0.16236	0.34179	0.34766	0.41861	0.33261	-0.31707	0.20686	0.46171	0.16777	0.44014	0.13433	0	0.015405	0.058964	0
P04085	Q9Y3I1	0	0	0	5000	-0.18768	0.17561	0.076398	0.23566	0.23372	0.018176	0.35477	-0.29815	0.45523	0.29592	0.41234	0.0071992	0.49367	0.19003	0.37216	0.074309	0	0.036067	0.090242	0
P0CG48	Q9Y3I1	0	1	0	5000	-0.053192	0.38761	0.37605	0.13002	0.029182	-0.12677	0.37088	0.41966	0.43996	0.12357	0.5027	0.38459	0.39159	0.45803	0.40836	0.73573	0	0.033562	0.20154	0
P11161	Q9Y3I1	0	1	2	5000	-0.18129	-0.0096893	0.10404	0.19245	-0.001193	0.028688	0.28693	-0.20801	0.39865	0.2821	-0.11773	-0.11273	0.33803	0.33509	0.39827	1	0	0.14496	0.59669	0
P24385	Q9Y3I1	0	1	1	5000	0.2869	-0.43654	-0.034736	-0.21654	-0.013409	0.057907	0.28434	0.3273	0.40156	0.29523	0.43279	-0.16697	0.44788	0.26904	0.36873	0.37788	0	0.064021	0.62468	0
P29466	Q9Y3I1	0	1	0	5000	0.035435	0.072534	-0.018697	0.038748	-0.041126	0.093008	0.27098	-0.062263	0.43304	0.29852	-0.17144	0.15177	0.43237	0.47082	0.46505	1	0	0.096851	0.34145	0
P30281	Q9Y3I1	0	1	2	5000	0.13202	0.15709	0.35548	0.30661	0.12142	0.25732	0.3707	0.041728	0.35547	0.32978	0.051773	-0.026809	0.35605	0.51746	0.47392	0.30371	0	0.049367	0.49055	0
P46527	Q9Y3I1	0	1	2	5000	0.16117	-0.16821	0.15415	-0.45472	0.13366	0.0741	0.40341	0.015372	0.44878	0.3153	0.25546	0.055416	0.53126	0.3376	0.4983	0.093752	0	0.044011	0.59035	0
P48739	Q9Y3I1	0	0	0	5000	0.087652	-0.068825	0.12993	0.36787	0.15092	0.41984	0.33059	0.12166	0.28101	0.30274	-0.10792	-0.038946	0.36601	0.32925	0.38094	0.15858	0	0.017824	0.18881	0
P49427	Q9Y3I1	1	2	2	5000	-0.1483	0.058436	0.62733	-0.044143	0.1541	-0.16917	0.35431	-0.098706	0.40942	-0.094175	0.6517	0.26154	0.4629	0.058475	0.45219	0.17733	0	0.066761	0.53772	0
P52793	Q9Y3I1	0.00055172	0.020234	0.01473	5000	0.47137	0.43704	0.56223	0.38307	0.29875	0.29498	0.35325	0.44636	0.35868	0.3128	0.38018	0.36858	0.54621	0.4435	0.43729	0.067371	0	0.0055997	-0.031725	0
P62837	Q9Y3I1	2	2	0	5000	-0.049421	-0.43608	0.34011	0.39008	-0.1415	0.26193	0.35294	-0.050427	0.44292	0.3047	0.27678	0.097719	0.59447	0.24572	0.45322	0.38764	0	0.036916	0.25167	0
P62877	Q9Y3I1	1	2	0	5000	0.30612	0.39264	0.76949	-0.24021	0.27348	0.38599	0.56352	-0.24942	0.36904	0.30772	-0.17234	0.4534	0.43996	0.45384	0.40538	1	0	0.04744	0.48603	0
P63209	Q9Y3I1	0.00055172	0.020234	0.01473	5000	0.47137	0.43704	0.56223	0.38307	0.29875	0.29498	0.35325	0.44636	0.35868	0.3128	0.38018	0.36858	0.54621	0.4435	0.43729	0.067371	0	0.0055997	-0.031725	0
Q13490	Q9Y3I1	0	2	1	504	0.068144	-0.41054	0.50748	-0.030144	0.071643	0.052162	0.30242	-0.087	0.48624	0.30535	0.16874	-0.064375	0.58284	0.23725	0.42425	0.26119	0	0.070478	0.46645	0
Q4ZIN3	Q9Y3I1	0	0	1	5000	-0.094042	0.32104	0.16149	0.25359	0.38424	0.31606	0.36934	0.34336	0.4338	-0.17372	0.33708	0.091573	0.48788	0.030506	0.4463	0.16029	0	0.022958	0.38702	0
Q5NIE3	Q9Y3I1	0.00055172	0.020234	0.01473	5000	0.47137	0.43704	0.56223	0.38307	0.29875	0.29498	0.35325	0.44636	0.35868	0.3128	0.38018	0.36858	0.54621	0.4435	0.43729	0.067371	0	0.0055997	-0.031725	0
Q6IQ26	Q9Y3I1	0	0	0	5000	-0.18246	0.31537	0.047146	0.38278	0.25276	0.089179	0.43262	-0.05736	0.40355	0.31384	0.1999	0.018836	0.50454	0.64358	0.50299	0.14937	0	0.03274	0.12687	0
Q7CFW0	Q9Y3I1	0.00055172	0.020234	0.01473	5000	0.47137	0.43704	0.56223	0.38307	0.29875	0.29498	0.35325	0.44636	0.35868	0.3128	0.38018	0.36858	0.54621	0.4435	0.43729	0.067371	0	0.0055997	-0.031725	0
Q7CGK8	Q9Y3I1	0.00055172	0.020234	0.01473	5000	0.47137	0.43704	0.56223	0.38307	0.29875	0.29498	0.35325	0.44636	0.35868	0.3128	0.38018	0.36858	0.54621	0.4435	0.43729	0.067371	0	0.0055997	-0.031725	0
Q7L5N1	Q9Y3I1	0	1	1	5000	-0.14173	0.15458	0.22335	0.16969	0.59269	-0.59576	0.30961	0.16419	0.41941	0.31581	-0.17078	-0.048263	0.3656	0.09302	0.46863	0	0	0.025952	0.60335	0
Q7Z6E9	Q9Y3I1	0	2	0	5000	0.064293	-0.13465	0.19886	0.032998	-0.13636	-0.40905	0.4012	0.083101	0.41272	0.21488	0.18355	0.017532	0.41448	0.2816	0.44847	1	0	0.078932	0.52753	0
Q81U78	Q9Y3I1	0.00055172	0.020234	0.01473	5000	0.47137	0.43704	0.56223	0.38307	0.29875	0.29498	0.35325	0.44636	0.35868	0.3128	0.38018	0.36858	0.54621	0.4435	0.43729	0.067371	0	0.0055997	-0.031725	0
Q86UV5	Q9Y3I1	1	0	2	5000	0.33725	-0.52489	0.1865	-0.26122	0.034477	-0.097219	0.25677	-0.076437	0.41383	0.065318	0.11857	0.37592	0.36828	0.22575	0.39537	0	0	0.020752	0.25259	0
Q8D008	Q9Y3I1	0.00055172	0.020234	0.01473	5000	0.47137	0.43704	0.56223	0.38307	0.29875	0.29498	0.35325	0.44636	0.35868	0.3128	0.38018	0.36858	0.54621	0.4435	0.43729	0.067371	0	0.0055997	-0.031725	0
Q8IZU3	Q9Y3I1	0	0	1	5000	0.50456	0.41314	0.60519	-0.03091	0.32891	0.23623	0.44027	0.48851	0.45676	-0.0034346	0.42835	0.36975	0.31331	0.48463	0.52019	0	0	0.026577	0.10499	0
Q8TD43	Q9Y3I1	0	0	0	5000	0.35115	0.10584	0.047542	-0.2441	0.12185	-0.086689	0.32858	0.32616	0.40871	0.30518	-0.077199	0.41591	0.3804	0.12472	0.55202	0.25044	0	0.016063	0.084636	0
Q8TE04	Q9Y3I1	0	0	2	5000	0.33692	0.42934	0.52658	-0.31732	0.27321	0.31243	0.41837	0.4323	0.46044	-0.086738	-0.2164	0.43042	0.37553	0.39685	0.47739	0	0	0.043114	0.53001	0
Q8WUB8	Q9Y3I1	0	0	0	5000	0.36846	0.18244	0.35607	-0.37794	0.054038	0.051402	0.29013	0.27591	0.40915	-0.19099	-0.12261	0.35665	0.49523	0.40945	0.44751	1	0	0.082816	0.1734	0
Q96AY2	Q9Y3I1	0	1	0	5000	0.40115	0.35418	0.61866	0.0095929	0.28518	0.33224	0.44307	0.3751	0.47599	0.13712	0.49006	0.34445	0.40625	0.45969	0.50012	0.15247	0	0.029516	0.19864	0
Q99607	Q9Y3I1	0	1	1	5000	0.10667	0.097422	-0.081966	0.40105	0.16015	0.042971	0.43394	-0.29952	0.4022	0.31205	0.10179	-0.11572	0.43046	0.13988	0.48628	0.22121	0	0.038792	0.406	1
Q99NE5	Q9Y3I1	0.00055172	0.020234	0.01473	5000	0.47137	0.43704	0.56223	0.38307	0.29875	0.29498	0.35325	0.44636	0.35868	0.3128	0.38018	0.36858	0.54621	0.4435	0.43729	0.067371	0	0.0055997	-0.031725	0
Q9NUX5	Q9Y3I1	0	1	0	5000	-0.017896	-0.045992	0.22752	-0.048996	0.2462	-0.15626	0.38954	0.20387	0.3333	0.2853	0.15159	-0.05616	0.35835	0.059156	0.4989	1	0	0.031819	0.30655	0
Q9UP22	Q9Y3I1	0	0	2	5000	-0.13856	-0.017557	0.12462	-0.22738	0.41589	0.31372	0.2888	-0.043626	0.32725	0.31319	0.45662	-0.21881	0.34073	-0.12118	0.35608	0.055593	0	0.026771	0.73674	0
Q9Y3I1	B1AR87	0.00055172	0.020234	0.01473	5000	0.47137	0.43704	0.56223	0.38307	0.29875	0.29498	0.35325	0.44636	0.35868	0.3128	0.38018	0.36858	0.54621	0.4435	0.43729	0.067371	0	0.0055997	-0.031725	0
Q9Y3I1	F8WHY8	0.00055172	0.020234	0.01473	5000	0.47137	0.43704	0.56223	0.38307	0.29875	0.29498	0.35325	0.44636	0.35868	0.3128	0.38018	0.36858	0.54621	0.4435	0.43729	0.067371	0	0.0055997	-0.031725	0
Q9Y3I1	O94875	0	0	1	5000	0.0045247	0.1898	0.0335	-0.36059	0.066233	-0.011565	0.31128	0.4168	0.41418	0.25717	0.23685	0.095422	0.49072	0.036208	0.46186	1	0	0.064276	0.37936	0
Q9Y3I1	O95396	0	1	0	5000	-0.040533	0.19059	0.20696	0.25146	0.081753	0.14403	0.35686	-0.16329	0.44878	0.3047	0.086703	0.18309	0.59447	-0.20079	0.48749	0.22708	0	0.024432	0.18758	0
Q9Y3I1	P04062	1	0	0	5000	0.18751	-0.12154	0.19552	0.46838	0.24168	0.0092987	0.48244	0.36014	0.38074	0.30736	-0.16531	-0.046199	0.33345	0.00495	0.4361	0.13139	0	0.01858	0.2115	0
Q9Y3I1	P06748	0	1	2	5000	-0.097123	-0.2991	-0.20438	0.28607	0.18237	-0.16121	0.35841	0.1625	0.42859	0.13778	0.032991	0.013933	0.43329	-0.33196	0.42627	1	0	0.045792	0.64872	0
Q9Y3I1	P08173	0	0	0	5000	0.40535	-0.19051	0.043436	-0.016677	0.097635	-0.20223	0.29315	-0.12717	0.43412	0.30334	0.41476	0.39056	0.45055	-0.10304	0.39236	0	0	0.015997	0.17173	0
Q9Y3I1	P08413	0.00055172	0.020234	0.01473	5000	0.47137	0.43704	0.56223	0.38307	0.29875	0.29498	0.35325	0.44636	0.35868	0.3128	0.38018	0.36858	0.54621	0.4435	0.43729	0.067371	0	0.0055997	-0.031725	0
Q9Y3I1	P29972	0	1	2	5000	-0.22045	-0.25424	0.39414	-0.24007	-0.013333	0.25422	0.41955	0.64918	0.41409	0.36675	0.52719	0.05697	0.54113	0.39045	0.47988	0.74081	0	0.04179	0.62317	0
Q9Y3I1	P63208	1	2	0	5000	0.0047876	-0.4124	0.29546	0.076176	0.065627	-0.0036008	0.33527	0.17317	0.4716	0.30668	-0.3834	0.022506	0.49235	0.24986	0.47308	0.16308	0	0.035574	0.35266	1
Q9Y3I1	P63316	0	1	0	5000	-0.013448	0.065466	-0.023744	0.25967	0.16762	-0.20074	0.43843	-0.4622	0.30719	0.33168	0.11082	-0.12832	0.42886	0.56482	0.48806	0.17769	0	0.037679	0.29289	0
Q9Y3I1	Q02413	0	0	0	5000	-0.09032	0.11301	0.052129	-0.13045	-0.077257	0.03307	0.33098	-0.19099	0.44436	0.3135	-0.1473	0.21672	0.38419	-0.2397	0.31342	0	0	0.017453	0.052478	0
Q9Y3I1	Q13616	1	1	0	5000	-0.022791	0.37518	0.25607	0.13152	-0.019288	0.058824	0.37251	-0.14055	0.41283	0.035777	0.3595	0.0037374	0.49636	0.26213	0.3879	0.38206	0	0.059729	0.21184	0
Q9Y3I1	Q15398	0	1	1	5000	-0.082983	-0.10067	0.639	-0.12609	0.055464	-0.0070094	0.35046	-0.13736	0.47098	0.28235	-0.01911	-0.094811	0.49045	-0.37655	0.35731	0.33983	0	0.063412	0.45668	0
Q9Y3I1	Q16517	0	0	1	5000	-0.21922	-0.24954	0.11281	-0.18448	0.053943	-0.14732	0.34996	-0.50862	0.43037	0.30205	0.14798	-0.14187	0.55441	-0.25384	0.45261	0.22708	0	0.024432	0.34291	0
Q9Y3I1	Q7CH58	0.00055172	0.020234	0.01473	5000	0.47137	0.43704	0.56223	0.38307	0.29875	0.29498	0.35325	0.44636	0.35868	0.3128	0.38018	0.36858	0.54621	0.4435	0.43729	0.067371	0	0.0055997	-0.031725	0
Q9Y3I1	Q7CL06	0.00055172	0.020234	0.01473	5000	0.47137	0.43704	0.56223	0.38307	0.29875	0.29498	0.35325	0.44636	0.35868	0.3128	0.38018	0.36858	0.54621	0.4435	0.43729	0.067371	0	0.0055997	-0.031725	0
Q9Y3I1	Q80YN3	0.00055172	0.020234	0.01473	5000	0.47137	0.43704	0.56223	0.38307	0.29875	0.29498	0.35325	0.44636	0.35868	0.3128	0.38018	0.36858	0.54621	0.4435	0.43729	0.067371	0	0.0055997	-0.031725	0
Q9Y3I1	Q86Y01	0	1	2	5000	0.35593	0.48441	0.59824	0.0096532	0.031124	0.075364	0.30681	0.36255	0.41738	0.08733	-0.27471	0.40048	0.46237	0.43574	0.37945	1	0	0.070505	0.55262	0
Q9Y3I1	Q8IYA7	0	0	1	5000	0.49855	0.47827	0.58522	-0.084667	0.29223	0.25347	0.4302	0.52331	0.48697	0.017681	0.4735	0.36639	0.32713	0.48032	0.48806	0.1232	0	0.027625	0.13376	0
Q9Y3I1	Q8TDF6	0	0	2	5000	0.35962	0.3588	0.57468	0.41457	0.18583	-0.20732	0.34121	0.33362	0.43059	0.27412	0.49011	0.32118	0.50112	0.41863	0.36876	0	0	0.05198	0.15296	0
Q9Y3I1	Q8WYK2	0	0	1	5000	0.40395	0.41885	0.57013	0.34574	0.39608	0.3085	0.33767	0.45498	0.43235	-0.029623	0.27584	0.36892	0.44864	0.45377	0.51011	0.13193	0	0.046619	0.14061	0
Q9Y3I1	Q92530	1	1	1	2.4	0.15796	-0.31491	0.60689	-0.15094	0.15517	-0.0046583	0.39077	0.069228	0.37713	0.019569	0.1755	0.41653	0.42279	0.41058	0.3932	1	0	0.079321	0.37393	0
Q9Y3I1	Q96ES7	0	0	0	1349	0.28707	-0.066901	0.26188	0.33659	0.081039	-0.086103	0.37083	-0.30658	0.44039	0.30636	-0.32151	0.29869	0.45521	0.30949	0.39674	0.096353	0	0.020488	0.0088646	0
Q9Y3I1	Q96L91	0	0	0	5000	0.1278	-0.097465	0.15329	0.20781	0.22267	0.024418	0.35358	-0.10199	0.45238	0.025062	-0.024504	0.10113	0.59447	0.089161	0.47784	0.22708	0	0.024432	0.018679	0
Q9Y3I1	Q9C0D3	0.027586	0.092308	0.025	5000	0.36436	0.41724	0.51219	0.027077	0.2268	0.026742	0.3277	0.40178	0.32745	-0.27179	-0.2173	0.33317	0.4304	0.37794	0.42988	0.1782	0	0.036951	0.14919	0
Q9Y3I1	Q9NZJ0	1	2	1	5000	0.44301	-0.058504	0.44243	0.065055	-0.12368	-0.12249	0.2783	-0.22961	0.35525	0.021803	0.077514	0.31771	0.39842	-0.29263	0.37896	0.36817	0	0.072584	0.15866	0
Q9Y3I1	Q9UH62	0	0	0	5000	0.31554	-0.10746	0.036248	-0.42316	0.41268	0.31518	0.31575	-0.042154	0.37349	0.16745	0.26037	0.33772	0.43174	0.24578	0.41906	0.090598	0	0.020134	0.23852	0
Q9Y3I1	Q9UKT9	0	1	2	5000	0.38851	-0.15961	0.1112	0.20282	-0.050741	-0.18422	0.24972	-0.1913	0.44064	0.31476	0.33361	0.30336	0.35414	-0.25876	0.41682	0.29674	0	0.022451	0.40753	0
Q9Y3I1	Q9Y241	0	0	1	5000	0.31329	-0.08498	0.35286	-0.054868	-0.049433	0.12278	0.30953	0.20824	0.38133	0.067113	-0.21926	0.30085	0.42638	0.17808	0.40007	0.15594	0	0.024325	0.094765	0
Q9Y3I1	Q9Y5H8	0	0	0	5000	-0.23379	-0.27255	0.116	-0.081946	0.20616	0.014534	0.3658	-0.023235	0.44337	0.2186	-0.036315	0.058606	0.42559	0.25378	0.47935	0	0	0.029205	0.047048	0
Q9Y3I1	Q9ZC30	0.00055172	0.020234	0.01473	5000	0.47137	0.43704	0.56223	0.38307	0.29875	0.29498	0.35325	0.44636	0.35868	0.3128	0.38018	0.36858	0.54621	0.4435	0.43729	0.067371	0	0.0055997	-0.031725	0
Q9ZGY7	Q9Y3I1	0.00055172	0.020234	0.01473	5000	0.47137	0.43704	0.56223	0.38307	0.29875	0.29498	0.35325	0.44636	0.35868	0.3128	0.38018	0.36858	0.54621	0.4435	0.43729	0.067371	0	0.0055997	-0.031725	0
